1	55.207	0.09466462802969373	0.8074201345443726
2	55.1902	0.09259094517284397	0.31242167949676514
3	55.2014	0.09436645840551394	0.2627389430999756
4	55.2442	0.09585895601351128	0.21267205476760864
5	55.2424	0.09530034644217608	0.13741342723369598
6	55.2078	0.0953813109995852	0.10966009646654129
7	55.1914	0.09391069625979857	0.36083388328552246
8	55.1896	0.095383506498767	0.014969885349273682
9	55.1416	0.09573290443729894	0.01968686655163765
10	55.2124	0.09549322086933286	0.05905447155237198
11	55.2278	0.09655626798918816	0.08422723412513733
12	55.1994	0.09465976627902818	0.07899872213602066
13	55.2016	0.094580988533639	0.37678200006484985
14	55.1594	0.09720362622865408	0.20316945016384125
15	55.2054	0.09527738195396046	0.013904663734138012
16	55.2064	0.09519978084007959	0.4213086664676666
17	55.2066	0.09531049046143615	0.07568471878767014
18	55.179	0.09535809456988475	0.2183201164007187
19	55.1724	0.0961225303037703	0.24516081809997559
20	55.2056	0.09685242150819293	0.04310503229498863
21	55.2398	0.09602152221247043	0.10524635016918182
22	55.1764	0.09634889450325868	0.0636906772851944
23	55.2076	0.09337378664271757	0.7056632041931152
24	55.2234	0.09425055114958708	0.06824173033237457
25	55.1576	0.09613829638598644	0.06695312261581421
26	55.176	0.09563390193859145	0.11932838708162308
27	55.2412	0.09408932249729729	0.4105234742164612
28	55.2304	0.09467570180357501	0.16159768402576447
29	55.2016	0.09444386370749719	0.8782873153686523
30	55.1606	0.09438905525535947	0.03167383000254631
31	55.176	0.09652939034304264	0.5419326424598694
32	55.1526	0.09609101847727498	0.16471096873283386
33	55.2476	0.09632097192200786	0.05119293928146362
34	55.1736	0.09356406079259005	0.21498724818229675
35	55.1854	0.09477556811752366	0.30996689200401306
36	55.1828	0.09596046836067634	0.121480293571949
37	55.2144	0.09461024654867348	0.640727698802948
38	55.197	0.09479801580201717	0.04240737482905388
39	55.1886	0.09434158188200994	0.11718134582042694
40	55.2176	0.0935677852254753	0.28537800908088684
41	55.1796	0.09552014924611432	0.3700067400932312
42	55.148	0.09517611465068143	0.1356748640537262
43	55.1282	0.0953052809030015	0.1853223741054535
44	55.1672	0.09459513458947	0.08187142759561539
45	55.1844	0.09462512326015868	0.21233829855918884
46	55.2484	0.09563459307175953	0.08854217827320099
47	55.1904	0.09484696153278185	0.9466533064842224
48	55.2112	0.09350181927642032	0.05482097715139389
49	55.2268	0.09521833420093376	0.029514934867620468
50	55.2212	0.09522692375583369	0.030298208817839622
