1	6.0006	0.054981081764548675	0.00887253787368536
2	5.9834	0.05524440235897219	0.12836378812789917
3	5.987	0.055564519254646595	0.0008366431575268507
4	6.0108	0.05445612957234479	0.09935075044631958
5	6.0002	0.05601249796250819	0.09855911135673523
6	6.0038	0.0548103458117169	0.06163825839757919
7	5.9986	0.05426266185877734	0.12836143374443054
8	5.9798	0.05484328152107607	0.27145183086395264
9	6.0066	0.05531330393314086	0.22998791933059692
10	5.9954	0.05571572410011377	0.002287403680384159
11	5.9956	0.05480698086922872	0.057764533907175064
12	5.9874	0.05398068387858745	0.14524860680103302
13	5.9798	0.05469209749131956	0.1477002054452896
14	5.9912	0.055653397093079565	0.6123231649398804
15	5.9988	0.05411319070245254	0.006723522208631039
16	5.9812	0.05499167035106307	0.1677314043045044
17	5.9886	0.05455828142454638	0.02688494883477688
18	5.98	0.05589991055449011	0.12871330976486206
19	5.9746	0.055192741479292366	0.2305055558681488
20	6.031	0.05525278454521555	0.798089325428009
21	5.9868	0.05461360973237354	0.00016574312758166343
22	6.0024	0.05495807158188874	0.0031199478544294834
23	5.9942	0.05473115609961106	0.07965926080942154
24	5.9886	0.05612598392901451	0.0006145652732811868
25	6.0102	0.05527976779980172	0.01346286479383707
26	6.0254	0.05551791343341348	0.06055346876382828
27	5.9528	0.05552791989621077	0.15824487805366516
28	6.014	0.05563854059912063	0.0170939639210701
29	5.9838	0.05487848037254689	0.001353255589492619
30	5.9932	0.05482624160016804	0.09572330862283707
31	5.9876	0.05433638957457521	0.5472589135169983
32	5.9814	0.0552106626658293	0.10833428055047989
33	5.9896	0.05580148127066163	0.09019546955823898
34	5.9982	0.05550886567026926	0.36794811487197876
35	6.016	0.05453970296948818	0.0754399299621582
36	6.0006	0.05442168090017055	0.1258378028869629
37	6.0108	0.05365696644425588	0.1443495899438858
38	6.0426	0.05377930300775558	0.42037948966026306
39	6.0242	0.054517757180573695	0.014964441768825054
40	5.9804	0.05430606330788477	0.1278354674577713
41	6.0118	0.05449210372154856	0.008645289577543736
42	5.9994	0.05396331487223522	0.1605798304080963
43	6.0218	0.054730472024275584	0.22367748618125916
44	5.9712	0.05445757071335454	0.18861858546733856
45	6.025	0.0552517420539841	0.063935786485672
46	6.0086	0.05622301016487819	0.19298776984214783
47	5.9906	0.05588238498847378	0.017723314464092255
48	6.0074	0.05464523247274186	0.0077712335623800755
49	6.0136	0.05512519453026893	0.4315824508666992
50	5.9792	0.05484615982910743	0.20251323282718658
