1	1.6114	0.020679992069630983	0.6691896319389343
2	1.2263547290541892	0.020287712237831258	0.8538997173309326
3	1.0607051981097784	0.021506364848650573	0.06451332569122314
4	0.9880055359065046	0.019858788970380774	0.8690158128738403
5	0.9271614192903548	0.01775731816197874	0.09186773747205734
6	0.8960519740129935	0.016732316765787677	0.05870024114847183
7	0.8732608347992964	0.015675550089343206	0.15888449549674988
8	0.866963306893661	0.015125317967778138	0.30317482352256775
9	0.8640572390572391	0.01463871055991759	0.07169634103775024
10	0.8689208570559346	0.014156497920046864	0.10841190069913864
11	0.8737913486005089	0.013479107134341415	0.09051670134067535
12	0.8876995478453447	0.013240624187631778	0.18260948359966278
13	0.8988214248132169	0.012648012530878803	0.32255464792251587
14	0.9146161361415945	0.012266664803731281	0.08213344216346741
15	0.9206556598170804	0.011681169896181513	0.18518021702766418
16	0.9356167956185343	0.011364076341269083	0.16002903878688812
17	0.9413990402362495	0.010866602982417267	0.07771138101816177
18	0.9504635906706658	0.010560369953993036	0.10800372064113617
19	0.961750778969062	0.010297947396193836	0.12102510780096054
20	0.9721605408809201	0.009988946761284655	0.008194058202207088
21	0.9756848630273945	0.009623862417569795	0.059462785720825195
22	0.9876841693858445	0.009427716020072762	0.07317161560058594
23	0.9971042631220856	0.009158867713498737	0.09562592208385468
24	0.9992852961079051	0.008844339197939996	0.05399646610021591
25	1.0072575232128873	0.008670077138448336	0.20687422156333923
26	1.0125786163522013	0.008450376127220209	0.12281886488199234
27	1.021548893903036	0.008290770863152537	0.05392010509967804
28	1.0282617004658583	0.008102159975356677	0.07158259302377701
29	1.0381645948007505	0.00798395697232284	0.11085953563451767
30	1.045935903167347	0.007822481886787412	0.15561388432979584
31	1.0514941805599245	0.007645600278425255	0.13429251313209534
32	1.0601563585384643	0.007536835448732961	0.36368006467819214
33	1.0684696006829175	0.007413162275969839	0.4532029330730438
34	1.0769645359491216	0.007310193685237773	0.056754495948553085
35	1.0820777910861754	0.0071753006095516035	0.08545808494091034
36	1.091235724792173	0.0070847244204671235	0.18817925453186035
37	1.0990544813708458	0.006983148152151182	0.055134713649749756
38	1.1053346231329706	0.006884705996135551	0.0283566452562809
39	1.111480403210878	0.006767233711318385	0.0844799354672432
40	1.117396595293698	0.006688776665016016	0.18919211626052856
41	1.1271668691778047	0.006625377707453629	0.3093135952949524
42	1.1325314848412567	0.0065298789225805235	0.10231153666973114
43	1.1391507592838348	0.006458611483386404	0.13727083802223206
44	1.14700258245116	0.006384640144316978	0.24502086639404297
45	1.1537389863694556	0.006313030226523634	0.07900010794401169
46	1.1601655850973411	0.0062442486775529105	0.2624698281288147
47	1.1682378202110437	0.006191085032564357	0.058651458472013474
48	1.1742178034156543	0.0061277425236623065	0.07603199779987335
49	1.181007577568149	0.006069757913593213	0.07615368068218231
50	1.1866995813162151	0.005996787198889127	0.03987245634198189
