1	1.043	0.008606497545459493	0.23048026859760284
2	1.0372	0.008029264474408623	0.05578000843524933
3	1.0338	0.007667046889122288	0.26273611187934875
4	1.0374	0.008049983354020036	0.5032407641410828
5	1.0378	0.008091235257981302	0.4218291938304901
6	1.0344	0.0077323962650655735	0.6219838261604309
7	1.0428	0.008587356287007105	0.40405043959617615
8	1.0368	0.007987638449504359	0.42576470971107483
9	1.0388	0.008193302630807687	4.802461990038864e-05
10	1.0394	0.008253832564330326	0.16342028975486755
11	1.0404	0.008353568818175857	0.1047295331954956
12	1.0386	0.008173008748312944	0.05386502295732498
13	1.0372	0.008029264474408623	0.09164943546056747
14	1.0402	0.008333734337018428	0.4663061797618866
15	1.0344	0.0077323962650655735	0.05380361154675484
16	1.0398	0.008293897033361319	0.05389287695288658
17	1.0388	0.008193302630807687	0.5919492840766907
18	1.0382	0.008132242495154708	0.12254737317562103
19	1.0388	0.008193302630807687	0.23287789523601532
20	1.04	0.00831384387633061	0.8033878207206726
21	1.0372	0.008029264474408623	0.16464611887931824
22	1.0324	0.007512019169304624	0.20645901560783386
23	1.04	0.00831384387633061	0.32363271713256836
24	1.036	0.007903619424036062	0.3912685513496399
25	1.0412	0.008432354831243768	0.014105873182415962
26	1.0408	0.008393071428267503	0.052513737231492996
27	1.0372	0.008029264474408623	0.05393090099096298
28	1.0394	0.008253832564330326	0.3394840359687805
29	1.042	0.008510276141230642	0.4331451952457428
30	1.0356	0.007861218226203866	0.43315282464027405
31	1.0428	0.008587356287007105	0.2512646019458771
32	1.039	0.008213537605684927	0.37870654463768005
33	1.0364	0.007945758113610047	0.11671818792819977
34	1.033	0.007578904934091761	0.3251382112503052
35	1.038	0.008111769227486692	0.07006940245628357
36	1.0382	0.008132242495154708	0.32913944125175476
37	1.0374	0.008049983354020036	0.2422540932893753
38	1.0454	0.008832322004999579	0.05070220306515694
39	1.032	0.0074670476093299555	0.23354196548461914
40	1.0462	0.008906065798095133	0.0892210453748703
41	1.0362	0.007924721320021302	0.08326821029186249
42	1.0372	0.008029264474408623	0.0503280833363533
43	1.042	0.008510276141230642	0.05370890721678734
44	1.0398	0.008293897033361319	0.6774304509162903
45	1.0372	0.008029264474408623	0.03735445439815521
46	1.0442	0.008720289444737489	0.33929336071014404
47	1.0384	0.008152655518295873	0.12188474088907242
48	1.0364	0.007945758113610047	0.08005015552043915
49	1.0372	0.008029264474408623	0.3393576443195343
50	1.0388	0.008193302630807687	0.020058302208781242
