1	9.2024	0.08563656714278058	0.23153170943260193
2	9.750249950009998	0.11609044341384028	0.05321080982685089
3	10.053980370774264	0.1266415268330201	0.3553597033023834
4	10.22205136091035	0.12549526645241066	0.1917673498392105
5	10.271864067966018	0.12040554794050623	0.2586580514907837
6	10.272663668165917	0.11421815340906666	0.0859108567237854
7	10.210458979689749	0.10726852296701794	0.06878125667572021
8	10.121558006061779	0.10112329031907646	0.10470074415206909
9	10.059238215488216	0.09549162812884138	0.07975810766220093
10	9.971185188404537	0.09026605441205637	0.07300157845020294
11	9.908833151581243	0.08607642506907628	0.23423194885253906
12	9.825289901879364	0.08239640219538004	0.051844287663698196
13	9.742870672419237	0.07934335374603989	0.1448815017938614
14	9.662463363097267	0.07649482422026632	0.058324314653873444
15	9.5872431405155	0.07392417870614906	0.10978685319423676
16	9.539893940711119	0.07189024737073929	0.13590073585510254
17	9.477097945121201	0.06953842719282571	0.07524529844522476
18	9.422860429762931	0.06768330047971162	0.23257197439670563
19	9.369035059741407	0.06596091815495286	0.07404422760009766
20	9.323512190810769	0.06429712598603865	0.35943472385406494
21	9.29509098180364	0.06286082483809607	0.4730236828327179
22	9.25186100835295	0.06131367019834666	0.1532021164894104
23	9.217744478186555	0.05991628421849156	0.1649201363325119
24	9.187457707017023	0.05865280273577086	0.0530819296836853
25	9.172796174068688	0.05737116348708153	0.08818413317203522
26	9.152414126753749	0.05612775002193737	0.05474451556801796
27	9.12857108747299	0.05504946402634467	0.14001163840293884
28	9.115761077290378	0.05406761534093919	0.08229611814022064
29	9.10680932648896	0.053083137286012216	0.07659703493118286
30	9.098678549625292	0.05210935785347398	0.05735403671860695
31	9.084316721340942	0.05114873714975478	0.05329668149352074
32	9.078452917724423	0.050349839769700075	0.053413622081279755
33	9.069007082108191	0.049498584722318814	0.27977582812309265
34	9.067541900064304	0.04877195476883803	0.08748973906040192
35	9.062248278663837	0.04804881015201945	0.0947234034538269
36	9.060214520633977	0.04730534718970651	0.16389325261116028
37	9.062408604032047	0.046624248587870454	0.2234603762626648
38	9.064717767581655	0.04595372528694246	0.17149308323860168
39	9.07419125030151	0.04538219172089709	0.11928407102823257
40	9.082518726417229	0.044834720548740124	0.11003657430410385
41	9.09148187525314	0.044292433970312683	0.052151765674352646
42	9.099676899390662	0.04377257322724966	0.05986826494336128
43	9.109045740709277	0.043289288025843836	0.05576667934656143
44	9.121180261224024	0.04280717916817211	0.1267973929643631
45	9.133328731246497	0.04233531055764052	0.08975210785865784
46	9.145320921117099	0.041877931652749154	0.07405993342399597
47	9.160420326631531	0.041453217797435785	0.06702619791030884
48	9.175700718728175	0.041028108062430096	0.06280428916215897
49	9.191646398897808	0.04061804609996819	0.155363529920578
50	9.206178578835813	0.040217000005844536	0.21545344591140747
