1	10.3872	0.10932912278071205	0.02699788101017475
2	10.475704859028195	0.15284031644561233	0.22759856283664703
3	10.339331152308251	0.16401746258814884	0.6841521263122559
4	10.20098416115639	0.1651895351790477	0.01775224879384041
5	10.026111944027987	0.16404701697078214	0.17141512036323547
6	9.903648175912044	0.15838872199982723	0.04233887046575546
7	9.784263553494323	0.15136182034281487	0.4874304533004761
8	9.659057199974205	0.1455712124373269	0.03232000395655632
9	9.605797558922559	0.13999281864220212	0.12844492495059967
10	9.544960667564865	0.13459897579040178	0.48311668634414673
11	9.531697564521991	0.1295401234270541	0.18676762282848358
12	9.515148718895142	0.1247628346949309	0.10020293295383453
13	9.50949700094707	0.12068337630156564	0.29277652502059937
14	9.499057096766863	0.11658431547942727	0.07554059475660324
15	9.514213881300234	0.11308817201377055	0.20686857402324677
16	9.53751195340346	0.10967636569834238	0.715302050113678
17	9.554955703211517	0.10649577914911115	0.18534643948078156
18	9.56562170453456	0.10356418468434508	0.5067214369773865
19	9.60104516793837	0.10099871225023571	0.09845631569623947
20	9.652481799401231	0.09885328958880271	0.5889244079589844
21	9.706608678264347	0.09677080695272941	0.3406471610069275
22	9.75433780823661	0.0947233366941274	0.051856692880392075
23	9.801214715985463	0.09288640287107744	0.6566356420516968
24	9.843365799137793	0.09110000100749745	0.19592157006263733
25	9.904806186374314	0.08958123067764487	0.9589223265647888
26	9.95088534107402	0.08806530128863999	0.26899757981300354
27	10.000674522163724	0.08656689902301068	0.6390746235847473
28	10.051349659607704	0.08522618470201528	0.35560697317123413
29	10.112169377615603	0.08417563460325511	0.27639153599739075
30	10.183911858442814	0.08321784323492894	0.37497806549072266
31	10.232831528333259	0.08201895979255167	0.29319876432418823
32	10.308629189453166	0.08111653378062253	0.10757233202457428
33	10.384820892219166	0.08028696703288409	0.4271146357059479
34	10.45521553118019	0.0794699651116387	0.5637784600257874
35	10.519629886458356	0.07863607617796292	0.4467269778251648
36	10.583353992100088	0.07775513258071895	0.6397274136543274
37	10.650920521441337	0.07699485653070429	0.18406304717063904
38	10.719202335838975	0.076246181398957	0.5772970914840698
39	10.784872860676842	0.07557499283332883	0.13083453476428986
40	10.852137860515153	0.07490811558581251	0.5649977922439575
41	10.917788072093964	0.0743049926915587	0.24555890262126923
42	10.989885336629394	0.07374605551331731	0.8947446346282959
43	11.063614990058364	0.07322091697587196	0.1786099076271057
44	11.13572215541581	0.07271472477148225	0.04334764555096626
45	11.217804218858515	0.0722800323524887	0.06370280683040619
46	11.286414222719955	0.07177964154548108	0.07852242141962051
47	11.36135000554975	0.0714040486109112	0.6146867871284485
48	11.437460017193752	0.07097571195754564	0.5786554217338562
49	11.513415388508527	0.07060801461473795	0.41139960289001465
50	11.583103588405006	0.07024186892994738	0.39707502722740173
