1	4.7916	0.05922351722077984	0.1243026927113533
2	4.7902	0.06005073794717271	0.6441251039505005
3	4.817	0.058590099846305095	0.11594384163618088
4	4.8284	0.059894208334362306	0.39905431866645813
5	4.7906	0.05854769809309321	0.05726339668035507
6	4.7912	0.059378822891667404	0.0019175646593794227
7	4.7848	0.05956777759829558	0.003668938996270299
8	4.802	0.05874481083466017	0.08547352254390717
9	4.8232	0.058301073472106835	0.6661223769187927
10	4.8212	0.05841348310107865	0.06963414698839188
11	4.7992	0.0593375332146526	0.1354711651802063
12	4.7978	0.058807884573414224	0.15431305766105652
13	4.7992	0.05861111539631371	0.35456040501594543
14	4.783	0.05889040499096597	0.07020529359579086
15	4.8244	0.058535599014616774	0.19309067726135254
16	4.8224	0.05774447880100747	0.22181689739227295
17	4.775	0.059135395492040096	0.1377817690372467
18	4.7926	0.05856051085842742	0.8210363388061523
19	4.7414	0.05929575762227857	0.10040266811847687
20	4.8088	0.05979930273840997	0.28435018658638
21	4.7994	0.05776164256667217	0.4041280150413513
22	4.8308	0.05890049616089832	0.6577288508415222
23	4.7904	0.059155068354283885	0.05449754372239113
24	4.778	0.05978234521997282	0.05383459851145744
25	4.8086	0.05903167685234763	0.7496441602706909
26	4.8352	0.05843212924410672	0.009124224074184895
27	4.794	0.05930543988539336	0.010216886177659035
28	4.8286	0.058855413276945046	0.33707717061042786
29	4.804	0.0593664147477342	0.012051576748490334
30	4.8014	0.058860551067756756	0.23891018331050873
31	4.787	0.05865949028077218	0.0001911814761115238
32	4.81	0.05894522881455301	0.013357607647776604
33	4.7848	0.05850675284101829	0.058494605123996735
34	4.7948	0.05813955046265828	0.8727688789367676
35	4.8046	0.05819719848927445	0.11804953217506409
36	4.8092	0.05895889795442251	0.12146978080272675
37	4.8052	0.05873955505449453	0.2644413709640503
38	4.7776	0.05915005352491247	0.021963313221931458
39	4.8114	0.057952515665844945	0.1686079055070877
40	4.799	0.058888693312044146	0.4485636055469513
41	4.8072	0.05860418660812554	0.7946413159370422
42	4.8072	0.058450412214115344	0.09448631852865219
43	4.796	0.058958724545227374	0.06777241826057434
44	4.7702	0.05973830871392327	0.388004869222641
45	4.8006	0.05956098850757932	0.12571395933628082
46	4.7994	0.05861541906358769	0.051803428679704666
47	4.7852	0.05831217478365906	0.3693605661392212
48	4.7542	0.05943002816758544	0.11422684043645859
49	4.7952	0.05944024333732151	7.563840335933492e-05
50	4.8116	0.058476232710392664	0.49605152010917664
