1	10.3872	0.10932912278071205	0.6042953729629517
2	10.475704859028195	0.15284031644561233	0.10649683326482773
3	10.339331152308251	0.16401746258814884	0.6841521263122559
4	10.20098416115639	0.1651895351790477	0.15631328523159027
5	10.026111944027987	0.16404701697078214	0.12128900736570358
6	9.903648175912044	0.15838872199982723	0.10825880616903305
7	9.784263553494323	0.15136182034281487	0.20474179089069366
8	9.659057199974205	0.1455712124373269	0.28610020875930786
9	9.605797558922559	0.13999281864220212	0.05398263782262802
10	9.544960667564865	0.13459897579040178	0.1300695538520813
11	9.531697564521991	0.1295401234270541	0.09449151903390884
12	9.515148718895142	0.1247628346949309	0.10020293295383453
13	9.50949700094707	0.12068337630156564	0.27903038263320923
14	9.499057096766863	0.11658431547942727	0.1444643884897232
15	9.514213881300234	0.11308817201377055	0.11301019787788391
16	9.53751195340346	0.10967636569834238	0.715302050113678
17	9.554955703211517	0.10649577914911115	0.11319548636674881
18	9.56562170453456	0.10356418468434508	0.1305152028799057
19	9.60104516793837	0.10099871225023571	0.09845631569623947
20	9.652481799401231	0.09885328958880271	0.0616939403116703
21	9.706608678264347	0.09677080695272941	0.11492612957954407
22	9.75433780823661	0.0947233366941274	0.13213101029396057
23	9.801214715985463	0.09288640287107744	0.06991981714963913
24	9.843365799137793	0.09110000100749745	0.09039876610040665
25	9.904806186374314	0.08958123067764487	0.050308164209127426
26	9.95088534107402	0.08806530128863999	0.11109671741724014
27	10.000674522163724	0.08656689902301068	0.1445806324481964
28	10.051349659607704	0.08522618470201528	0.1215885654091835
29	10.112169377615603	0.08417563460325511	0.09126825630664825
30	10.183911858442814	0.08321784323492894	0.25074777007102966
31	10.232831528333259	0.08201895979255167	0.07270535826683044
32	10.308629189453166	0.08111653378062253	0.19287587702274323
33	10.384820892219166	0.08028696703288409	0.1588037610054016
34	10.45521553118019	0.0794699651116387	0.10922663658857346
35	10.519629886458356	0.07863607617796292	0.17558524012565613
36	10.583353992100088	0.07775513258071895	0.1723029762506485
37	10.650920521441337	0.07699485653070429	0.0744640976190567
38	10.719202335838975	0.076246181398957	0.5772970914840698
39	10.784872860676842	0.07557499283332883	0.13083453476428986
40	10.852137860515153	0.07490811558581251	0.05318322032690048
41	10.917788072093964	0.0743049926915587	0.1712118238210678
42	10.989885336629394	0.07374605551331731	0.06417806446552277
43	11.063614990058364	0.07322091697587196	0.13030491769313812
44	11.13572215541581	0.07271472477148225	0.18113739788532257
45	11.217804218858515	0.0722800323524887	0.06370280683040619
46	11.286414222719955	0.07177964154548108	0.0744401291012764
47	11.36135000554975	0.0714040486109112	0.11265913397073746
48	11.437460017193752	0.07097571195754564	0.24570631980895996
49	11.513415388508527	0.07060801461473795	0.19328293204307556
50	11.583103588405006	0.07024186892994738	0.1426299661397934
