1	3.605	0.05917495247146381	0.11266011744737625
2	3.5616	0.05981680192053067	0.24070829153060913
3	3.585	0.05992758129609439	2.260816245325259e-06
4	3.5926	0.05987124044146739	0.0027413268107920885
5	3.5794	0.05922847416572537	0.13201098144054413
6	3.6246	0.05907600792199823	0.10066952556371689
7	3.6246	0.06018683171591606	0.3769738972187042
8	3.5914	0.05948851042008026	0.00014640831795986742
9	3.5732	0.05987148877387301	0.07676441222429276
10	3.6184	0.059789351827896575	1.5412043694595923e-06
11	3.5952	0.05908304772098337	0.04994779825210571
12	3.5846	0.060090574235898246	0.0011090185726061463
13	3.5756	0.06028558991998004	0.3188352882862091
14	3.6076	0.060662674125033414	0.27158060669898987
15	3.5968	0.06030865251354898	0.21067959070205688
16	3.5836	0.05973859616696728	0.42128926515579224
17	3.5804	0.059734449959801275	0.07002760469913483
18	3.6186	0.060477113621600714	0.031732749193906784
19	3.5978	0.06046671223078036	0.03239377215504646
20	3.5922	0.05987836410591056	0.00039129346259869635
21	3.597	0.060032856004025	0.05259745940566063
22	3.6102	0.05990175897250431	0.0006232846644707024
23	3.5748	0.0594273415861756	0.3081388473510742
24	3.5722	0.05921466784505339	0.005830787587910891
25	3.592	0.0593292912480842	0.4943297207355499
26	3.6294	0.05961560325954943	0.1631968915462494
27	3.6014	0.059544038089467864	0.11312466114759445
28	3.6112	0.05958508377102441	0.28608232736587524
29	3.6026	0.060589205573270244	0.0008093698997981846
30	3.6046	0.05984167370653998	0.190414160490036
31	3.6094	0.06043092711517836	0.36894387006759644
32	3.5716	0.05916123893226033	0.46781018376350403
33	3.5524	0.059343218921794276	0.014528343454003334
34	3.59	0.06033953927566899	0.056754130870103836
35	3.5788	0.059593481254244546	0.018756812438368797
36	3.5984	0.05972211811381108	0.06454472988843918
37	3.5962	0.05944461294347873	0.058616381138563156
38	3.5834	0.05934610342726805	0.19768904149532318
39	3.6064	0.05896322813415156	0.32351627945899963
40	3.5842	0.059507635207593335	0.09476178884506226
41	3.5732	0.05981734838656759	0.04659072682261467
42	3.595	0.05968982325321458	2.5259831090806983e-05
43	3.582	0.060592217322029095	0.8870339393615723
44	3.586	0.059466689835571	0.0023277909494936466
45	3.5806	0.05964349547100674	0.2764624357223511
46	3.6224	0.05893787264569364	0.052393022924661636
47	3.5746	0.05848130224268263	0.00672742398455739
48	3.6634	0.05982725793482431	0.11396348476409912
49	3.5846	0.060317800954610395	0.8926024436950684
50	3.578	0.05987861721850299	0.12678401172161102
