1	6.009	0.06086554197573531	0.0009297027136199176
2	5.992	0.058615056086299265	0.00579427182674408
3	6.0038	0.05953296572488221	0.2958011031150818
4	6.0126	0.06013845884290686	0.005891069304198027
5	5.9818	0.05968520560406915	0.4428572654724121
6	5.9862	0.06001814065763783	4.90829988848418e-05
7	6.005	0.06029589538268758	0.0031183394603431225
8	6.0178	0.05961299932061797	0.07644139975309372
9	5.9896	0.06100987880663253	0.2698645293712616
10	6.0064	0.059353906964916714	0.032749615609645844
11	5.9876	0.05917603596051364	2.5605038899811916e-05
12	5.9526	0.05860917873507523	0.008495590649545193
13	6.052	0.05976698754329182	0.3933955430984497
14	5.9908	0.0600107294406592	0.05601855739951134
15	6.0096	0.05904298529037981	0.0001250156492460519
16	6.0284	0.059735317794416994	0.11925309151411057
17	5.9968	0.05962668503279371	0.0014389315620064735
18	6.0078	0.06034310638341384	0.0035672897938638926
19	6.0194	0.059660393495182346	0.02526506409049034
20	6.0138	0.06023368831476289	0.420747846364975
21	6.0062	0.059984421377554435	0.0036515321116894484
22	6.0078	0.05965911906825309	6.612218612644938e-07
23	6.0256	0.05950210376112766	6.730033783242106e-05
24	6.015	0.058976902258426674	0.23438870906829834
25	6.0092	0.059328978147276494	0.05093102902173996
26	6.0014	0.059114435394411	0.11857493966817856
27	6.0234	0.05947044973766396	0.20057669281959534
28	5.9576	0.06056437923400186	0.005190851632505655
29	6.0166	0.05961966111946622	1.1065559192502405e-05
30	6.0158	0.06002325089496574	0.0013159537920728326
31	6.029	0.058967501218891744	0.0006463771569542587
32	6.0076	0.06059617176026884	0.0010011539561673999
33	5.9932	0.06015510591795181	0.0003794871154241264
34	6.0096	0.0595952524283605	0.0011277029989287257
35	6.0164	0.05979160369148827	0.044691260904073715
36	5.9864	0.05964215851224712	0.10875992476940155
37	6.0178	0.05966732512858269	0.13048124313354492
38	5.9842	0.0601370987660694	0.23694677650928497
39	5.9984	0.05984375817075658	0.009717635810375214
40	5.9782	0.0598035497943057	0.15802301466464996
41	6.0368	0.06057096968020234	0.07381360232830048
42	6.0022	0.059387804202546385	8.675117715029046e-05
43	5.9856	0.058772329815994284	0.002784094773232937
44	6.0112	0.059200795670328696	0.11615166813135147
45	5.9942	0.06056384604696104	8.200584125006571e-05
46	6.0092	0.06012460102154532	0.008240023627877235
47	6.015	0.06023914840035513	0.3034234642982483
48	6.0014	0.05959359421951323	0.0005959177506156266
49	5.9946	0.05953274319229719	0.1605924665927887
50	6.0024	0.059584474756432984	0.026267794892191887
