1	0.5953958333333333	0.005968076467233819	0.4166235029697418
2	0.5996495145415361	0.00627693523245422	0.2473480999469757
3	0.5939552284017933	0.006763809952817054	0.09197422116994858
4	0.5895581099321681	0.006920593372160938	0.10839002579450607
5	0.5839846396246321	0.006902641860080348	0.06441039592027664
6	0.5828148505112523	0.0065731321729126345	0.08083932101726532
7	0.575692286749979	0.006231315372130666	0.09242098033428192
8	0.5755995116388809	0.005950385832367704	0.10521447658538818
9	0.5715987128226712	0.005653981564453021	0.06787718832492828
10	0.5668589223540547	0.0054143940903382745	0.10538729280233383
11	0.562289550965182	0.005156522980848385	0.10438552498817444
12	0.5596631935064806	0.004904159545955886	0.07388604432344437
13	0.5587767124589849	0.00468325610346808	0.0019868584349751472
14	0.5557046887249815	0.004478328497707485	0.08926422894001007
15	0.5540281366827172	0.004282051849461198	0.0741889625787735
16	0.5520590391024223	0.004092758734884347	0.30829259753227234
17	0.5506487111019058	0.003913641209732272	0.07064735144376755
18	0.5501775419995846	0.003751170684173973	0.5592962503433228
19	0.5491718062057511	0.003598317534779109	0.4752654731273651
20	0.5489208524461572	0.0034543789848914025	0.9063752889633179
21	0.5477825642291546	0.0033197148128669574	0.07303758710622787
22	0.547735986681145	0.003192578439956079	0.06969946622848511
23	0.5478834171471152	0.0030743143361824437	0.3620651960372925
24	0.5478862206869997	0.002964938165262502	0.10226362198591232
25	0.5476276017345826	0.002860967615261065	0.08590762317180634
26	0.5478129205174529	0.0027651322602280618	0.343941330909729
27	0.5476318324793569	0.0026730902794348736	0.06385669112205505
28	0.5477028914282435	0.002588195126152956	0.13374073803424835
29	0.54788698859733	0.002507721174141643	0.05430043861269951
30	0.5480135918067564	0.0024308731469178412	0.06964287906885147
31	0.5478098982010963	0.002359570020174653	0.0750330314040184
32	0.5476172724495517	0.002290079674516741	0.19135968387126923
33	0.547453921453197	0.0022259044013728077	0.0861218199133873
34	0.5472466255521218	0.002164545814450805	0.06382662802934647
35	0.5471803310269027	0.0021067607139036715	0.054565850645303726
36	0.5475827063259722	0.0020510429861866322	0.7400012016296387
37	0.5477503903583506	0.001998618986222514	0.10213816910982132
38	0.5477688931175624	0.0019482083494046843	0.11359463632106781
39	0.5477785400245996	0.0019013846264142663	0.10587794333696365
40	0.5475745566794626	0.0018562694075189142	0.05082948878407478
41	0.5476059433419788	0.0018129123368929002	0.09557133167982101
42	0.5477264310010052	0.0017712179613576262	0.050150979310274124
43	0.5480379927750275	0.0017310145365246033	0.13987219333648682
44	0.547900559983819	0.0016930144178016453	0.15812663733959198
45	0.5479098116416586	0.0016565089106125386	0.11726918816566467
46	0.5478576707389294	0.0016218812021651997	0.15103676915168762
47	0.5478011650158567	0.0015886236838989695	0.07914775609970093
48	0.5476635573145741	0.001556408918135272	0.09272877871990204
49	0.5476713453120057	0.0015254090275765202	0.07368488609790802
50	0.5476546869499979	0.0014958325655600592	0.07151830196380615
