1	0.6671625	0.005232741988551506	0.0584883950650692
2	0.640795452020707	0.005488029983545394	0.06334539502859116
3	0.6245749020558181	0.005414353795644441	0.09071377664804459
4	0.6137588207152255	0.005103235180507574	0.9639047384262085
5	0.6099839663501583	0.0047740893842347625	0.16476695239543915
6	0.6082180021100562	0.004544726316748475	0.7501879334449768
7	0.6045521483021483	0.004286362481332661	0.061255935579538345
8	0.6047449180656764	0.004065329698932559	0.06573624908924103
9	0.6045746527777778	0.003843964191544094	0.05424923449754715
10	0.6051368667333072	0.0036348042297069463	0.2222336083650589
11	0.604796084252191	0.003472439783680559	0.4509136974811554
12	0.6033855622980843	0.00334466731760947	0.20167134702205658
13	0.6020877012104782	0.0032231945648232728	0.21321646869182587
14	0.601965121957113	0.003125992512249276	0.1166052594780922
15	0.6006655274256829	0.0030312594264255083	0.1430865377187729
16	0.6001823747842178	0.002954280680120678	0.6454817652702332
17	0.5985528421819489	0.002875651493865138	0.06749610602855682
18	0.597309564895846	0.0028035390023184287	0.10731266438961029
19	0.5961947391917504	0.00273468742737999	0.05034761130809784
20	0.5948560085755414	0.0026668401618617434	0.0982796847820282
21	0.5932791403737394	0.0026004479521371617	0.06566120684146881
22	0.5922121446006774	0.002533443656270785	0.12667851150035858
23	0.5909938755500872	0.002472953301146424	0.19086219370365143
24	0.5899634085149967	0.002414694897899235	0.13010667264461517
25	0.5889681909466252	0.002352281295309738	0.06567107886075974
26	0.5879992983783492	0.0022965364935130478	0.17130310833454132
27	0.5875659904674356	0.002243424997457446	0.1416895091533661
28	0.5863910197020756	0.0021921407412410845	0.33354878425598145
29	0.5858130533737009	0.0021406436732438975	0.11370860785245895
30	0.5853888619497629	0.0020915114807607406	0.18682366609573364
31	0.5848029215038871	0.002046070731844265	0.08986534923315048
32	0.5842933162253942	0.0020019592453187855	0.05378182604908943
33	0.5838524512691933	0.0019578660812638368	0.05384567007422447
34	0.5833129055894539	0.0019162512601646822	0.07352125644683838
35	0.5830642190968954	0.001875695507750541	0.060096099972724915
36	0.5828202172440083	0.0018361625504189415	0.0613776259124279
37	0.5826032186632573	0.0017987445881718512	0.11424683034420013
38	0.5825464886929618	0.0017615455934898298	0.0821625366806984
39	0.5826802968002761	0.0017259571939971523	0.053650159388780594
40	0.5824357519735127	0.001691620276292749	0.0675743892788887
41	0.5823779407063308	0.0016579884579937484	0.08457949012517929
42	0.5823711290099735	0.0016261958966038831	0.30230554938316345
43	0.5823490396678602	0.0015954027604786758	0.054884232580661774
44	0.5822986601789465	0.0015650743630919645	0.01160383503884077
45	0.5822596116864195	0.0015359170560872502	0.16527827084064484
46	0.5821402236508578	0.0015081150903627385	0.06868249177932739
47	0.5821782117270916	0.0014809547291504462	0.11564913392066956
48	0.5820906038349687	0.0014543095173026074	0.20120568573474884
49	0.5822089721608797	0.0014286020401958048	0.07122272998094559
50	0.5822375050661596	0.0014035769709023949	0.06560193002223969
