1	5.995	0.05073770787097104	0.06484878063201904
2	6.0098	0.052329218683255685	0.45335879921913147
3	6.0022	0.051379677772442234	0.0028285891748964787
4	6.002	0.051753191205953716	0.00874809268862009
5	6.0054	0.05283698999753875	0.3897078335285187
6	6.022	0.0513327264033384	0.568281352519989
7	6.0074	0.05158857850338585	0.0005908092716708779
8	5.9882	0.05256871092199236	0.07066605240106583
9	6.003	0.051631228922039085	0.006109175737947226
10	6.0054	0.051839632637587334	0.0015983323100954294
11	5.9814	0.05119821551577758	0.02411274053156376
12	6.0172	0.05158088297034088	0.10910993069410324
13	5.9786	0.05126651608993926	2.2438021005655173e-06
14	6.01	0.05179324280251234	0.0004345450724940747
15	5.9834	0.05205020645492202	0.09848370403051376
16	6.028	0.051621204945254906	0.19206200540065765
17	5.983	0.05209836657708198	0.0006485816556960344
18	5.9926	0.05214385325232482	1.8735488993115723e-05
19	5.9954	0.052371766363184635	7.427284742789197e-08
20	5.9726	0.051562473098174785	0.2990303337574005
21	5.9936	0.05184984350988923	0.10874912142753601
22	6.019	0.05153435941194964	0.512623131275177
23	6.0344	0.051194042153360014	0.06489710509777069
24	5.9952	0.05260835036379686	0.0018625709926709533
25	5.9972	0.052717984483475755	0.023109184578061104
26	6.001	0.052502554223580286	2.155689799110405e-05
27	6.014	0.05408333569594237	0.015112080611288548
28	5.9962	0.051950880724006984	0.0400833822786808
29	5.9888	0.05185531995851525	0.2175034135580063
30	5.9868	0.05200006123073321	0.2249719500541687
31	5.9852	0.05207538504898453	0.35635045170783997
32	6.0026	0.05177053053620369	0.17956364154815674
33	5.9708	0.05047757173240418	0.056774333119392395
34	6.0002	0.05148475432591666	0.02600288949906826
35	6.013	0.051656323911017876	0.11642391234636307
36	6.0224	0.052435644670395604	0.06288257241249084
37	5.9964	0.0516416176353916	0.18501171469688416
38	6.0218	0.0525903467187659	0.883625864982605
39	6.0364	0.051346032680237255	0.3728362023830414
40	5.9858	0.05338985903708687	0.11372993141412735
41	5.9964	0.05157185930330591	0.006057269871234894
42	5.9764	0.05253758152027939	0.2859424352645874
43	6.0064	0.05205772058014056	6.174003647174686e-05
44	6.027	0.05209767557194841	0.001954918960109353
45	6.0012	0.052182730936584765	0.0004784312332049012
46	6.0222	0.05286996205786426	7.20259704394266e-05
47	6.0064	0.05201621162676101	0.00670132040977478
48	5.9912	0.05264162429104928	0.09171846508979797
49	6.0036	0.05249892067461957	0.01458521094173193
50	5.9794	0.05250901019825073	3.96382856706623e-05
