1	2.4274	0.05545910774615834	0.9753397703170776
2	2.3742	0.05434182411366037	0.1313387155532837
3	2.4106	0.05495829102146463	0.05763169750571251
4	2.39	0.05569829440835688	0.6676515936851501
5	2.3966	0.05509732472634222	0.1846718192100525
6	2.403	0.05433547459993333	0.11024745553731918
7	2.401	0.05518367693439792	0.5204614996910095
8	2.4094	0.055079079077268514	0.011034073308110237
9	2.3974	0.054824919808422856	0.054803282022476196
10	2.3934	0.0547586120350032	0.6003741025924683
11	2.3836	0.055435114070415695	0.05307780206203461
12	2.385	0.05424569107311661	0.6310721635818481
13	2.3898	0.05498855088106977	0.06055917590856552
14	2.3996	0.054125185560882846	0.07992184907197952
15	2.378	0.05475334510329026	0.14904917776584625
16	2.3964	0.0558881085026144	0.1895013004541397
17	2.4022	0.05408052595898084	0.842832088470459
18	2.4368	0.05521313582835158	0.058800503611564636
19	2.3782	0.05536223051864872	0.053227461874485016
20	2.3962	0.0547156833823722	0.05557788163423538
21	2.39	0.053924947844202875	0.5044428110122681
22	2.3652	0.05370299924585216	0.6215339303016663
23	2.421	0.05526125405743161	0.010343068279325962
24	2.4246	0.055244245962815006	0.1599275916814804
25	2.3766	0.05484624318948382	0.28922227025032043
26	2.3646	0.05472951956668359	0.06812379509210587
27	2.3848	0.05441058838130683	0.10827618092298508
28	2.4164	0.05578727338739545	0.2985386848449707
29	2.3746	0.05452205711452934	0.0974622592329979
30	2.41	0.05543915583772897	0.22850680351257324
31	2.3992	0.055580849651656106	0.6451032757759094
32	2.4346	0.05556600680272067	0.4942927360534668
33	2.4	0.055128214192008806	0.06585731357336044
34	2.399	0.05411652427863414	0.05302413925528526
35	2.3752	0.054899589506662065	0.054519519209861755
36	2.3766	0.05478713710352095	0.5143245458602905
37	2.4108	0.054840842881925145	0.23040181398391724
38	2.3814	0.05455603790599166	0.0658806636929512
39	2.3794	0.05460751003296159	0.01844913698732853
40	2.38	0.05503017354143089	0.9895504713058472
41	2.3882	0.055120063207510936	0.08728469163179398
42	2.3802	0.05555831466126381	0.09888727962970734
43	2.417	0.05568554390503879	0.09019430726766586
44	2.3796	0.054917273348191645	0.008267886005342007
45	2.3958	0.05471431483624738	0.0932186096906662
46	2.3918	0.05453555691473226	0.21858175098896027
47	2.4118	0.05436908467134608	0.43339455127716064
48	2.3734	0.05429871445992067	0.07114354521036148
49	2.4096	0.05447504118401378	0.11253509670495987
50	2.4224	0.05523224449540322	0.18909096717834473
