1	0.1478	0.015057200536620343	0.0679788589477539
2	0.1506	0.01517416725886465	0.0057470486499369144
3	0.1454	0.014955464285671643	0.7255513072013855
4	0.1486	0.015090807533064621	0.1825241893529892
5	0.1506	0.01517416725886465	0.6635658740997314
6	0.1482	0.01507402295341227	0.4526723027229309
7	0.1486	0.015090807533064621	0.08631765097379684
8	0.144	0.014895475823215584	0.681091845035553
9	0.1382	0.014641767926039533	0.009923288598656654
10	0.1486	0.015090807533064621	0.07237882167100906
11	0.1424	0.014826329012941807	0.1056738793849945
12	0.151	0.015190727434853144	0.06278211623430252
13	0.156	0.015394648420798702	2.085083906422369e-06
14	0.142	0.014808943243864498	0.5405886769294739
15	0.1488	0.015099185673406363	0.9881062507629395
16	0.1522	0.015240186613030695	0.22164376080036163
17	0.1488	0.015099185673406363	0.3688086271286011
18	0.1296	0.014249453042134633	0.4955856502056122
19	0.1498	0.015140935506103972	0.9992985129356384
20	0.1428	0.014843675016652718	6.286922143772244e-05
21	0.149	0.015107554401689241	0.12794968485832214
22	0.1518	0.015223736991947807	0.33520448207855225
23	0.1504	0.015165873268625188	0.06387042254209518
24	0.1422	0.014817641107814701	0.0005390142323449254
25	0.1462	0.014989529945932261	0.002631444251164794
26	0.1466	0.015006504989503719	0.3180461823940277
27	0.1492	0.015115913733545849	0.08652015775442123
28	0.156	0.015394648420798702	0.18978598713874817
29	0.1446	0.01492124364790013	0.052809592336416245
30	0.1456	0.014963995188451512	4.403243565320736e-06
31	0.1482	0.01507402295341227	0.20319193601608276
32	0.1422	0.014817641107814701	0.007628224790096283
33	0.1358	0.014534271498771446	0.21253474056720734
34	0.141	0.01476530392508058	0.05822162702679634
35	0.1462	0.014989529945932261	0.11687751114368439
36	0.1558	0.015386599624348456	0.10616440325975418
37	0.148	0.01506561648257382	0.28841909766197205
38	0.1488	0.015099185673406363	0.018461761996150017
39	0.145	0.014938373405428048	0.001575828529894352
40	0.1426	0.014835006976742546	0.08186688274145126
41	0.1414	0.014782789723188243	0.06711921095848083
42	0.1378	0.01462395596273457	0.9061495661735535
43	0.1492	0.015115913733545849	0.00026831842842511833
44	0.1504	0.015165873268625188	0.004752610344439745
45	0.1478	0.015057200536620343	0.07572202384471893
46	0.1414	0.014782789723188243	0.0004505211254581809
47	0.1564	0.015410719386193494	0.06425436586141586
48	0.1396	0.014703785634998901	0.2541919946670532
49	0.1386	0.014659538601197515	0.002378287725150585
50	0.1426	0.014835006976742546	0.21827910840511322
