1	0.434275	0.0037900400888381145	0.1556132286787033
2	0.6015644093403542	0.008138968098572816	0.26142483949661255
3	0.560634163334545	0.01017270848030502	0.1495138555765152
4	0.5245180002392059	0.010203112494215016	0.7340128421783447
5	0.514710189548083	0.00998172168863493	0.13576975464820862
6	0.50046313917871	0.009469535490340956	0.3367583453655243
7	0.4855317353188232	0.008807964230799699	0.09324104338884354
8	0.47221669536370925	0.00812844636909813	0.05647514760494232
9	0.4624154430285761	0.007524801425049594	0.09267832338809967
10	0.45476893595110396	0.006951918275496846	0.9878113269805908
11	0.4473643192052483	0.006442859510040437	0.2455722838640213
12	0.44105737466721884	0.005989139103618244	0.1111825704574585
13	0.4370294598294791	0.005571000121553332	0.6073492169380188
14	0.43255894887053287	0.005199877290148171	0.2627474367618561
15	0.429735976654042	0.004873623182944648	0.14697962999343872
16	0.42844818235358606	0.004584986723446219	0.2353021502494812
17	0.42652657343737543	0.004329893141284057	0.056096747517585754
18	0.42532968108546443	0.004105152454974696	0.08553846180438995
19	0.42350103822665286	0.00389450356721612	0.6778944730758667
20	0.4227785081924249	0.0037079710074100058	0.13014182448387146
21	0.4221903142885275	0.0035385361481554507	0.15017929673194885
22	0.4213569193826011	0.003382686519091475	0.2291140854358673
23	0.4213083357260981	0.0032418631573501947	0.18052299320697784
24	0.4201814888892094	0.003109322895165226	0.20307087898254395
25	0.41923485965166524	0.0029890298926810695	0.13803954422473907
26	0.4184256374195472	0.0028773372113456764	0.39175093173980713
27	0.4184380233901064	0.002774374309283176	0.05765422433614731
28	0.4181755497651644	0.0026782846242351995	0.4650566577911377
29	0.41784466821830374	0.0025871606278526508	0.6915078163146973
30	0.4172486145884955	0.0025023709863769847	0.0776241272687912
31	0.4170271228493525	0.0024228023924926932	0.13972923159599304
32	0.4164717783528081	0.002348932407653554	0.060135211795568466
33	0.4161724107723635	0.0022794217857389416	0.1818646639585495
34	0.41569731908660024	0.0022130308670781796	0.27257511019706726
35	0.4154592496562628	0.0021510896532213612	0.07288601994514465
36	0.41504992545602004	0.0020919302152864055	0.07726214826107025
37	0.41467535504842334	0.002036162597788074	0.1760932058095932
38	0.4144291184078237	0.00198307172068401	0.12173763662576675
39	0.41411706195297077	0.001932994388444977	0.35666415095329285
40	0.4141434628986578	0.001885959486323893	0.1003660336136818
41	0.41403277143337097	0.0018407816132608554	0.11474107205867767
42	0.41380523178931333	0.0017971452080344323	0.05667850747704506
43	0.4135831192626595	0.001756021447014088	0.10179285705089569
44	0.4133798514145736	0.0017167632284390319	0.11904186755418777
45	0.4131532701583693	0.001679422172248965	0.18011115491390228
46	0.41299195321148424	0.0016435011773563563	0.16534358263015747
47	0.41277782482223796	0.001609240660341744	0.050628017634153366
48	0.41279250683521057	0.001576196330753084	0.12406804412603378
49	0.4126482795631108	0.0015445020323889879	0.2322000414133072
50	0.41266966023887597	0.0015141660836963536	0.1087091714143753
