1	0.4797625	0.004925077889612515	0.06330092996358871
2	0.5774789486547135	0.007704444991899562	0.39362555742263794
3	0.5675075225170645	0.00926732923494547	0.050078295171260834
4	0.5488084559263247	0.009601309008626237	0.34493786096572876
5	0.529354218865624	0.009366775310570648	0.3641202747821808
6	0.5213359862019104	0.008956516840390753	0.07328286021947861
7	0.5115336897926184	0.008445135624779153	0.06714783608913422
8	0.5048814111440955	0.007891811973321727	0.05284419283270836
9	0.49814194148829566	0.007352239489017955	0.06287171691656113
10	0.4925331209469766	0.006856984221559543	0.40045905113220215
11	0.4905466157877586	0.006399796780290885	0.06724413484334946
12	0.4858990957311114	0.005962303743909363	0.07333532720804214
13	0.48296558222433367	0.005574629752068849	0.3933728337287903
14	0.4811323642338032	0.005229789484262868	0.17927169799804688
15	0.4787305637420074	0.00492194860532947	0.3455902934074402
16	0.47595366213323903	0.004645033793258053	0.12743456661701202
17	0.4742988751377449	0.004391948207424612	0.2492826133966446
18	0.47353365097260675	0.004165427644496499	0.20956040918827057
19	0.47252058214669174	0.003957974256509419	0.5432073473930359
20	0.4720840397244994	0.00377034377064608	0.08052122592926025
21	0.4709947246208662	0.0035973158083857527	0.05922848358750343
22	0.4699788316237373	0.0034422126418751373	0.0622192807495594
23	0.4696091507594192	0.0032970481112043265	0.17427387833595276
24	0.46872062963573513	0.0031642945985447014	0.1453109085559845
25	0.4688322655172525	0.003042677237492931	0.11745823174715042
26	0.46801123754455987	0.0029289169815625076	0.0870380625128746
27	0.46790646340063796	0.0028240533685375295	0.11528290808200836
28	0.4673868640077611	0.002725465803146398	0.11991993337869644
29	0.46724823861957815	0.0026345689024692785	0.13140715658664703
30	0.46711671831341084	0.002549786651200598	0.2263530045747757
31	0.466707973723822	0.0024692681751272393	0.06287036091089249
32	0.46626328302488124	0.002394121255833453	0.22842814028263092
33	0.466055575189305	0.002322597161063787	0.14201122522354126
34	0.4657274731546659	0.0022554687715794094	0.3189958930015564
35	0.4655081454090557	0.0021925947470474647	0.2036990523338318
36	0.46519022503117724	0.0021319795767076794	0.08590728789567947
37	0.46475918048441384	0.0020753049461149317	0.0991213396191597
38	0.464470737763277	0.0020213568350166	0.13345500826835632
39	0.46413813059874837	0.0019703589118253294	0.33309081196784973
40	0.4640753467808905	0.0019225912676652784	0.16246668994426727
41	0.46350091513417824	0.0018762958284472722	0.06581774353981018
42	0.4633964066682408	0.0018323815445731328	0.08371330052614212
43	0.4631949507921505	0.0017903983108281522	0.08829750120639801
44	0.46291088219582505	0.0017496546355356842	0.051892202347517014
45	0.4625234916346046	0.001711207315118452	0.14969192445278168
46	0.46243641586642587	0.001674674572288172	0.2566966414451599
47	0.46216186344159516	0.0016395371681847406	0.13433027267456055
48	0.46193850148132465	0.0016058092407271113	0.1781131774187088
49	0.4617712359994815	0.0015734640351605217	0.10821272432804108
50	0.4616401567585285	0.0015423399976502705	0.2069651484489441
