1	7.1826	0.036517708471370355	0.28545525670051575
2	7.188	0.0356749323755493	0.15509258210659027
3	7.2098	0.03565292593883399	0.21588367223739624
4	7.1996	0.03601399328039033	0.20913280546665192
5	7.166	0.03624029801201972	0.05631396174430847
6	7.188	0.036364554170235805	0.26866424083709717
7	7.208	0.03600839902022868	0.13743996620178223
8	7.1864	0.03684154003295747	0.0010274386731907725
9	7.1842	0.036006758365617994	0.09637481719255447
10	7.209	0.03604294937987197	0.7755569219589233
11	7.1866	0.035652837082061156	0.1428511142730713
12	7.189	0.036714877093625024	0.08868248015642166
13	7.2078	0.03574457284679737	0.054386530071496964
14	7.2034	0.03585040016513065	0.4167732894420624
15	7.1996	0.03619347609721944	0.3759777843952179
16	7.2032	0.03554486697119588	0.19121091067790985
17	7.2174	0.03576264855963571	0.13339543342590332
18	7.2034	0.03558835753445208	0.12080489844083786
19	7.2156	0.03571680209649231	0.7609413266181946
20	7.2002	0.03692121243946367	0.44704774022102356
21	7.1954	0.03634878143762175	0.004339355044066906
22	7.198	0.036079811529441085	0.0574042871594429
23	7.1886	0.035805224088113034	0.0627211406826973
24	7.2062	0.035630139039863507	0.30740588903427124
25	7.1938	0.036324575813077215	0.0018354293424636126
26	7.2034	0.03652685576394443	0.056606464087963104
27	7.1982	0.03581243035595322	0.25957876443862915
28	7.1958	0.03610640175924479	0.08421353250741959
29	7.2164	0.035343286095098764	0.871142566204071
30	7.2008	0.03536640846905422	0.9544751048088074
31	7.1808	0.036969723396314574	0.06320954859256744
32	7.1854	0.035995670739687825	0.2956776022911072
33	7.213	0.03631935847451047	0.06266483664512634
34	7.2058	0.036492786246051456	0.9927297234535217
35	7.1864	0.03610123366313132	0.11792914569377899
36	7.2032	0.0367499328978981	0.25751766562461853
37	7.2052	0.03586707860977827	0.13133388757705688
38	7.2144	0.035699562350258555	0.06683369725942612
39	7.1888	0.036028852438011454	0.3846264183521271
40	7.2112	0.03572380450064076	0.08499530702829361
41	7.208	0.03631700428174115	0.5973665714263916
42	7.1848	0.03573525049583402	0.2157389372587204
43	7.1984	0.03619540567530623	0.007649209350347519
44	7.1914	0.03571804686709508	0.550744891166687
45	7.216	0.03545954314426508	0.08832190930843353
46	7.209	0.035802432878227916	0.2328079491853714
47	7.2268	0.0353379564774196	0.1305118352174759
48	7.1908	0.03621921655696029	0.30607283115386963
49	7.2092	0.03562391960467003	0.8471325039863586
50	7.1966	0.03536307667610379	0.15313935279846191
