1	1.816	0.016439562037961937	0.81783127784729
2	1.816	0.016439562037961937	0.06559570878744125
3	1.8254	0.016106107909734137	0.2279609590768814
4	1.8212	0.016257152518199498	0.3267095386981964
5	1.8068	0.016750306504658356	0.12898880243301392
6	1.809	0.01667735590553851	0.8698894381523132
7	1.8162	0.016432638497818893	0.47445642948150635
8	1.8116	0.016590050994496654	0.07658184319734573
9	1.8136	0.016522078319630353	0.28619521856307983
10	1.8188	0.016341964630973836	0.05579503998160362
11	1.8042	0.016835446177633655	0.24392783641815186
12	1.8128	0.01654935309913956	0.6672084927558899
13	1.8158	0.016446478285639145	0.11161123216152191
14	1.8186	0.016348983821632468	0.8411375880241394
15	1.8168	0.016411824030253312	0.4857383966445923
16	1.8266	0.016062328349277386	0.2919102907180786
17	1.8254	0.016106107909734137	0.07852821052074432
18	1.8272	0.016040333163622265	0.5983430743217468
19	1.8104	0.01663049343825974	0.2646189332008362
20	1.8198	0.016306757127031706	0.06482305377721786
21	1.8204	0.016285543036693596	0.9535462260246277
22	1.8198	0.016306757127031706	0.13419654965400696
23	1.8076	0.016723876105735763	0.06388185918331146
24	1.8184	0.01635599559794511	0.14015398919582367
25	1.821	0.01626426143419985	0.4596160650253296
26	1.827	0.01604767272846751	0.3998143970966339
27	1.8112	0.01660356010017131	0.9476972818374634
28	1.8162	0.016432638497818893	0.3279080092906952
29	1.8116	0.016590050994496654	0.10858293622732162
30	1.8144	0.016494688599667462	0.45634928345680237
31	1.82	0.016299693248647336	0.08423302322626114
32	1.818	0.01636999694563197	0.6750383973121643
33	1.8176	0.016383968749970168	0.05049518495798111
34	1.822	0.016228641347937917	0.23152568936347961
35	1.8142	0.01650154683658475	0.4157267212867737
36	1.8142	0.01650154683658475	0.9448555707931519
37	1.8204	0.016285543036693596	0.08376581966876984
38	1.817	0.01640487122777868	0.8516824841499329
39	1.8102	0.016637209140958703	0.08404933661222458
40	1.8202	0.01629262188844999	0.1685158759355545
41	1.8182	0.016362999969443265	0.0810595378279686
42	1.8222	0.0162214946290408	0.5383157730102539
43	1.8228	0.016200008888886442	0.06397875398397446
44	1.819	0.016334938016411338	0.8519824147224426
45	1.816	0.016439562037961937	0.45794984698295593
46	1.8236	0.01617125449679151	0.1565689593553543
47	1.8284	0.015996130532100566	0.9004480242729187
48	1.8146	0.01648782314315629	0.12860094010829926
49	1.8326	0.01583916134143471	0.6477625370025635
50	1.8228	0.016200008888886442	0.061203937977552414
