1	5.9934	0.042412752704817445	0.021670904010534286
2	6.042591481703659	0.05789363766255594	0.2618197500705719
3	6.051435841512177	0.06250845008480543	0.3073708415031433
4	6.036137167461172	0.061230444263426456	0.08209969848394394
5	5.997751124437781	0.0575089553962075	0.5568543672561646
6	5.959820089955023	0.05355984425643494	0.31822341680526733
7	5.889972813049736	0.049934441263017784	0.11337170749902725
8	5.826400980202489	0.046772245442637236	0.05617818608880043
9	5.782512626262626	0.04397859179400325	0.10840852558612823
10	5.7280194706419225	0.04146694534416591	0.05718659609556198
11	5.686041439476554	0.039447222743101765	0.11243189126253128
12	5.631816923502814	0.03772774154200718	0.4032139480113983
13	5.575028938230033	0.03611467457718439	0.07552814483642578
14	5.525594710653671	0.034652449801348996	0.052924398332834244
15	5.479352258779744	0.03343163144116126	0.05863901600241661
16	5.446109710510302	0.032274448753468465	0.11369481682777405
17	5.40826873385013	0.03113086025002046	0.30289027094841003
18	5.370091896407686	0.030147115468817286	0.25978943705558777
19	5.332932603842096	0.02920334428463366	0.08058924973011017
20	5.304267612324485	0.028351490020871013	0.05668302997946739
21	5.283053389322135	0.02758860353628172	0.07224743813276291
22	5.2546513847356415	0.026794172221558304	0.10482314229011536
23	5.229767179436119	0.026044559757083488	0.08453205972909927
24	5.2072793351733155	0.025353769136153108	0.053471751511096954
25	5.19323330350151	0.024702662923311358	0.08869944512844086
26	5.173513949363006	0.024046855948011057	0.057046398520469666
27	5.1567398493368195	0.023474434729386304	0.054501280188560486
28	5.144593329529655	0.02297263826086364	0.09551656246185303
29	5.135176366297648	0.022460155030834823	0.10824668407440186
30	5.127794682472155	0.021989707851642053	0.1158081665635109
31	5.117134768345841	0.02151994496629539	0.05395563691854477
32	5.1077459363198905	0.021089864034953734	0.0865509882569313
33	5.0981852097758384	0.020664042853542963	0.0733535885810852
34	5.090632004252266	0.020262474009464883	0.08733980357646942
35	5.083461163994481	0.019885999995124467	0.05721087381243706
36	5.0784471218206155	0.01952854420696903	0.12743648886680603
37	5.074066667499906	0.019169968966050437	0.10202182829380035
38	5.072187364105113	0.018847534822371333	0.1312781125307083
39	5.072802898989729	0.018547831299791463	0.08313031494617462
40	5.0710898202317205	0.018257514355453794	0.11116115748882294
41	5.070203017415958	0.017975040466197488	0.14864282310009003
42	5.069414828896423	0.017707813564043433	0.07150588184595108
43	5.06817941782882	0.017442662303776585	0.11334523558616638
44	5.068784320425459	0.01719182858664409	0.06255845725536346
45	5.070125344110584	0.016952019960480662	0.09478558599948883
46	5.070083692467678	0.016709792926841174	0.05987529456615448
47	5.07124157490441	0.01647994949295185	0.18925441801548004
48	5.073542701178817	0.01626254144905923	0.05311339721083641
49	5.076167564071923	0.0160484820216825	0.056566063314676285
50	5.078236368327069	0.01584561472725262	0.12966951727867126
