1	5.9986	0.03693286438932144	0.5043210387229919
2	5.468106378724255	0.07610953535537507	0.0698394626379013
3	5.522173754998183	0.08618636457839124	0.26276665925979614
4	5.437490389051207	0.09655527046947937	0.10280148684978485
5	5.67416291854073	0.11025239507990883	0.27239111065864563
6	5.757221389305347	0.11455186928473371	0.07522929459810257
7	5.990804413881337	0.12387165750527826	0.40347978472709656
8	6.187270265041594	0.12255479351153117	0.0941404476761818
9	6.440077861952862	0.1240108300314098	0.07448829710483551
10	6.672171758876961	0.12208336515257831	0.13845619559288025
11	6.911813885859687	0.1196936778691212	0.07378806173801422
12	7.119959398357479	0.1164850666700123	0.08414080739021301
13	7.316373776702094	0.11379591181217681	0.2084558755159378
14	7.464930815895304	0.11029905877296711	0.07176506519317627
15	7.592350635467395	0.10696091955192782	0.2701878547668457
16	7.678379553160045	0.1035425649512338	0.08884628862142563
17	7.796188630490956	0.10069266018592685	0.08212228864431381
18	7.866880315542955	0.09771421140133758	0.08791043609380722
19	7.9397065678745795	0.095033607155053	0.14546580612659454
20	8.022901269346766	0.09250646297892737	0.24801987409591675
21	8.096700659868027	0.09012635248039852	0.20186184346675873
22	8.142518246516573	0.08757349646290008	0.07225649058818817
23	8.190272315427888	0.0852482708233118	0.07986968755722046
24	8.24661085893722	0.08328748437538694	0.4399726390838623
25	8.30734002684864	0.08129762896531288	0.08243175595998764
26	8.37525560393485	0.07972069575287813	0.1395149528980255
27	8.414281962202882	0.0776804558368385	0.10628624260425568
28	8.458164152730616	0.0761320333752755	0.07022075355052948
29	8.519646648937266	0.07472742084538152	0.10530198365449905
30	8.564354008335377	0.07326883508667854	0.05159853771328926
31	8.605316137150048	0.07180353969665627	0.22946271300315857
32	8.665639432326728	0.07065020707467265	0.14208585023880005
33	8.70729789117582	0.06940066174557942	0.07098299264907837
34	8.746778276270941	0.06821764494736464	0.1147061213850975
35	8.790336702459252	0.0671235279438336	0.08546685427427292
36	8.827153883021799	0.06599481896351908	0.06939622759819031
37	8.869386569010986	0.06498491792776803	0.07275131344795227
38	8.91271665527738	0.0639949295669445	0.053164318203926086
39	8.947789576426636	0.0630480960228911	0.06308658421039581
40	8.991787803663534	0.06218301009321686	0.16768687963485718
41	9.031849939246658	0.0613064185772076	0.1625393033027649
42	9.07182422941348	0.060521232578306695	0.07330908626317978
43	9.114007374719316	0.059741171127169236	0.24881494045257568
44	9.151965970346714	0.0590317355228347	0.07509803026914597
45	9.1872526378325	0.0582508482407523	0.3962039351463318
46	9.217466428021478	0.05750209111559669	0.13634435832500458
47	9.249775139413563	0.05678344723905711	0.054033853113651276
48	9.275730596997143	0.056081412938708074	0.0665249451994896
49	9.307534689516526	0.05542360285127822	0.10345795005559921
50	9.341423727213098	0.054808753624896095	0.24771234393119812
