1	13.9768	0.10471901053772387	0.07594916224479675
2	9.863027394521096	0.183956096022365	0.061565980315208435
3	9.574881861141403	0.23055034761539317	0.14741431176662445
4	9.650776564662463	0.24619138554999737	0.08213960379362106
5	9.777861069465267	0.26204226760005395	0.09503096342086792
6	10.12543728135932	0.2713899241957829	0.0019094182644039392
7	10.497041420118343	0.27544573018632745	0.23387151956558228
8	10.922035209905204	0.2755244034027758	0.09768656641244888
9	11.36200547138047	0.27522347572965566	0.24976803362369537
10	11.877135034117085	0.27423179101343964	0.2914121747016907
11	12.399527444565612	0.27316657393932764	0.09114917367696762
12	12.921411214665806	0.2707047912985433	0.4233429729938507
13	13.437309270756604	0.2680029111786889	0.050131719559431076
14	13.847431440710698	0.2628575479176065	0.06419410556554794
15	14.278318881894128	0.258330514460122	0.052145738154649734
16	14.723845953229592	0.2551718679970491	0.21362987160682678
17	15.130706287683031	0.2517922777019467	0.07923658937215805
18	15.507388690304998	0.24873374607710647	0.23636555671691895
19	15.910731372212272	0.24604843301654872	0.20568156242370605
20	16.26571217092544	0.2429943252715077	0.13457746803760529
21	16.58347330533893	0.2397077379956316	0.17306403815746307
22	16.960643877078013	0.23698076409505056	0.06816207617521286
23	17.316846716782	0.2345794013020961	0.077794648706913
24	17.673699657094197	0.23233816713670363	0.08407106250524521
25	17.987834209643136	0.2303028058791889	0.19048495590686798
26	18.33342364134817	0.22864841479492282	0.07984737306833267
27	18.695724842710984	0.22727119556290182	0.06084384769201279
28	19.0598248461449	0.22609490746957517	0.05151627957820892
29	19.433128208299834	0.22480778765169002	0.06796187162399292
30	19.80678655379779	0.22356521451895414	0.060800373554229736
31	20.19880465555206	0.2225469808556204	0.17968693375587463
32	20.583422795340397	0.22174762190398362	0.18600589036941528
33	20.96875494008663	0.22078298754163428	0.05434159189462662
34	21.342080711288208	0.21989195993338528	0.059119757264852524
35	21.69552487619688	0.21889855193426988	0.07655517011880875
36	22.071763597600278	0.2180829950280798	0.2028176337480545
37	22.45623304878201	0.21755000410849668	0.20878161489963531
38	22.811535423637057	0.21684859274608062	0.1560923159122467
39	23.175005188787733	0.2163176503829478	0.3242490887641907
40	23.504272525623172	0.21553437480984305	0.11685413122177124
41	23.901450486026732	0.21515853073816257	0.06694941222667694
42	24.288111295028685	0.21483925343494553	0.1497175246477127
43	24.66079275936649	0.2144995426394305	0.4321150779724121
44	25.04117465386612	0.2141253780220255	0.06079622730612755
45	25.420191446812428	0.21385429687433702	0.13288211822509766
46	25.788719015288624	0.21346446777529265	0.2373298704624176
47	26.16277035897318	0.21316825934065514	0.28237295150756836
48	26.542944970827445	0.21299057477696673	0.0804734006524086
49	26.908615793395285	0.21267288451517707	0.1471586376428604
50	27.27712718510612	0.21234941501967466	0.12102308869361877
