1	1.4228	0.020958823631110596	0.12424780428409576
2	1.2119576084783044	0.019835311568843137	0.889854371547699
3	1.088876772082879	0.020030575631611324	0.1391197293996811
4	1.0250653544517916	0.018755673995652013	0.6273072957992554
5	0.9782608695652174	0.0176050931228291	0.00010273327643517405
6	0.9408295852073963	0.016272140349464156	0.11338657885789871
7	0.918918918918919	0.015239361660522732	0.009173354133963585
8	0.907783581608306	0.014386699042772594	0.15606293082237244
9	0.8890467171717171	0.013169916281261417	0.12269465625286102
10	0.8821330783606415	0.012431218255623756	0.09808288514614105
11	0.8764449291166848	0.011677671611119432	0.19322791695594788
12	0.8775183783950048	0.011136923243955607	0.07714887708425522
13	0.8762759128696201	0.010542315291557369	0.21370983123779297
14	0.8773544180128598	0.009996313880833404	0.8741220235824585
15	0.879459159836877	0.00962238307860969	0.06606711447238922
16	0.8820307745805442	0.009226711236504835	0.08742295950651169
17	0.8855973914113449	0.008850349731968802	0.05937035754323006
18	0.8909432050070532	0.008541468031556152	0.019506072625517845
19	0.9012978728624353	0.008357941467841804	0.1697210967540741
20	0.9032026425391354	0.007991869453414261	0.07388624548912048
21	0.9079384123175365	0.007735213727147737	0.1457739919424057
22	0.9111260577526109	0.007502632227157179	0.11970459669828415
23	0.916156386385888	0.007292966726641421	0.8108234405517578
24	0.9192916828235366	0.007065938123812078	0.054805122315883636
25	0.9253901443114443	0.006880630468796645	0.11088397353887558
26	0.9281728753426867	0.00671058870533533	0.09049761295318604
27	0.9363859938158853	0.006578846004041324	0.1335843950510025
28	0.9397874002226814	0.006410795337626953	0.061336785554885864
29	0.946672645185231	0.006291124638652834	0.23299406468868256
30	0.9516701998279086	0.0061733634189323865	0.07798205316066742
31	0.9550847076798634	0.006040538883385915	0.06956133246421814
32	0.9614324025074622	0.005930470968783758	0.23883557319641113
33	0.9631864744380157	0.005796995615360206	0.052598316222429276
34	0.9693234658945186	0.00571873584454809	0.22304095327854156
35	0.9731485567393025	0.0056111415951793225	0.09320226311683655
36	0.9779761019386187	0.005515482403547734	0.11762817203998566
37	0.9839893012036146	0.005445318052262728	0.3882407546043396
38	0.9892141984457322	0.005357351943793075	0.0791882872581482
39	0.993739797721421	0.0052784922275916	0.35358551144599915
40	0.9979522765944416	0.0052184984381419795	0.08641232550144196
41	1.0010049615228838	0.0051255771394963364	0.07481760531663895
42	1.0060379576957457	0.0050586508981560726	0.42465922236442566
43	1.0106533927841632	0.00499665368480394	0.05824226513504982
44	1.0162920031629004	0.004939346416601882	0.060653481632471085
45	1.0209750566893423	0.004889475586549673	0.07593885064125061
46	1.0269515743583078	0.004841351536262008	0.0666409358382225
47	1.0301561967750208	0.0047681967381575634	0.05022319406270981
48	1.0357769358093802	0.004729894383841831	0.11920616030693054
49	1.0409543658882907	0.0046861925985267555	0.37184882164001465
50	1.0458528721909994	0.004639895696093587	0.28664544224739075
