1	9.8908	0.047526578332549876	0.36459243297576904
2	9.8964	0.04748853200510621	0.028850074857473373
3	9.9054	0.04753368818006871	3.690102676046081e-05
4	9.9044	0.047442904126960596	5.3727635531686246e-05
5	9.8862	0.04828508266535306	0.4438783824443817
6	9.857	0.04747495971562295	0.8026255369186401
7	9.9212	0.04821309996256171	0.5767603516578674
8	9.9174	0.04825017131575774	0.0042066690512001514
9	9.8918	0.04726105127903937	0.43889060616493225
10	9.8964	0.047722957494270996	0.12185072153806686
11	9.8808	0.048481176223354724	0.006198495160788298
12	9.9074	0.04858194553535265	0.0002398477226961404
13	9.9168	0.04799020700101204	0.11224681884050369
14	9.8902	0.0485544964756096	0.0037392114754766226
15	9.9052	0.048056459794703854	0.020818574354052544
16	9.9162	0.047592852488582776	0.010181240737438202
17	9.8846	0.047625089102278494	0.761961817741394
18	9.9178	0.04753732941594452	0.6146276593208313
19	9.9068	0.04754245227162757	0.03433138132095337
20	9.904	0.0488029835153551	0.007368753664195538
21	9.9042	0.04783137305158619	0.07061745971441269
22	9.9134	0.048838312747268665	0.012734283693134785
23	9.9276	0.04803670296762691	0.0012951036915183067
24	9.9012	0.04779403109175896	0.01015563029795885
25	9.9098	0.04807613886326558	0.673471987247467
26	9.9202	0.047680787829061835	0.6337980031967163
27	9.8936	0.048222217618023554	0.5002221465110779
28	9.916	0.04799519975997588	0.2186533659696579
29	9.895	0.04712913111866165	0.00076130754314363
30	9.9	0.048179663759723226	0.0006624004454351962
31	9.925	0.0481006756709298	0.03584058955311775
32	9.8886	0.048056030547684675	0.06037573143839836
33	9.887	0.04788419154585339	0.0001244124141521752
34	9.9274	0.048167132279179785	0.5069929957389832
35	9.9124	0.047840853169649894	0.30822455883026123
36	9.8948	0.04723895985307039	2.2181886834005127e-06
37	9.8982	0.04717993395501967	6.199103518156335e-05
38	9.9074	0.047812607458702416	1.40542369990726e-05
39	9.8998	0.04717083768601068	0.8817394375801086
40	9.9062	0.04795125449870944	0.07873647660017014
41	9.9058	0.04711674275668906	0.0014300585025921464
42	9.8908	0.04803140272779872	0.1357564777135849
43	9.9108	0.04830732913337267	0.1657983660697937
44	9.8968	0.047399046066350134	1.5762045222800225e-05
45	9.8958	0.04749753938889896	0.0507100373506546
46	9.8924	0.04765417119203721	0.13965614140033722
47	9.8922	0.047747696153845845	0.0005464657442644238
48	9.8804	0.04818145402538214	0.003008914878591895
49	9.906	0.04818646282930504	0.0007322821184061468
50	9.9072	0.04776294262291654	0.6966969966888428
