1	0.5894785396825397	0.0020614553228522534	5.3713501984020695e-06
2	0.5893317619047619	0.002096354908978601	0.5136809945106506
3	0.5902938412698412	0.002059825990037011	0.03022855706512928
4	0.5890399523809524	0.0020499592221718105	0.050010982900857925
5	0.5900059365079365	0.0020410112073076677	0.5128538012504578
6	0.5888861904761905	0.0021232624376613368	0.00918226782232523
7	0.5895155396825398	0.0021127312715180304	0.0036486985627561808
8	0.5899767142857143	0.0020338862137720135	0.0005880095413886011
9	0.5901211428571429	0.0020538548406310317	0.16831840574741364
10	0.5897696349206348	0.002022202143511029	0.13025525212287903
11	0.5877996349206349	0.0020841184054253524	0.010614248923957348
12	0.589975126984127	0.002068467539870291	0.0005407478311099112
13	0.5884063174603175	0.0020895187837327083	0.4672793745994568
14	0.589121253968254	0.0020969725747959165	0.026683885604143143
15	0.5890643174603174	0.0020331168116340236	0.000106709027022589
16	0.5891681904761905	0.002033384018637128	0.00203737267293036
17	0.5894797619047618	0.002090826475086612	0.14555612206459045
18	0.589267126984127	0.002095220110719237	0.36633455753326416
19	0.5904337301587301	0.002050002081673082	0.0003324968565721065
20	0.5897435079365079	0.0020259690765637205	0.0013934866292402148
21	0.5898248095238096	0.0020889500731218784	0.0028516186866909266
22	0.5896133333333333	0.0020484024891488143	0.040773458778858185
23	0.5883840634920634	0.0020535030802245943	0.33449697494506836
24	0.5896955238095238	0.002107982531744204	0.02158966287970543
25	0.589849238095238	0.0020551002235405774	0.03021799586713314
26	0.5880091587301587	0.002043161082514686	0.28599196672439575
27	0.5881628730158731	0.0020378778498748792	0.0043510072864592075
28	0.590083	0.0020865661635572487	0.03343049809336662
29	0.5891462857142857	0.0020569603425806705	0.05884566530585289
30	0.5892215714285715	0.002096844760107527	0.002955686068162322
31	0.5896228571428572	0.00206805683575627	0.07901272922754288
32	0.590079761904762	0.002058745932303297	0.00041209624032489955
33	0.5906183333333334	0.0020314543445974142	0.004017393570393324
34	0.5897993333333333	0.002068374190350679	0.2908109724521637
35	0.5895831904761905	0.0020388842887276285	0.059652891010046005
36	0.5898830476190476	0.0020375800353019885	0.25623029470443726
37	0.5888001428571429	0.0020737775314047307	1.846390478021931e-05
38	0.5903512380952382	0.002037415143718344	1.3141911040293053e-05
39	0.5883806190476191	0.0020748064336739685	0.06838185340166092
40	0.5891790476190476	0.002059731914792868	0.36143672466278076
41	0.5889883015873016	0.002071942616001898	0.08948271721601486
42	0.5893998253968253	0.00205880770961266	0.006622064393013716
43	0.5894006825396825	0.0020623454388814	4.468986298888922e-05
44	0.589336365079365	0.0020300810705658626	0.11375491321086884
45	0.5905429206349206	0.0020618517948089395	0.03161424398422241
46	0.5881663174603174	0.0020874744863829467	1.3325286090548616e-05
47	0.5879326507936509	0.0020704965255003848	0.08220604807138443
48	0.589757380952381	0.0020600662928565304	0.122490294277668
49	0.5878527619047619	0.002126916731275507	0.32954052090644836
50	0.5902699047619048	0.0020780237410754857	0.0346810445189476
