1	4.9876	0.08701957517708309	0.08251821994781494
2	5.0268	0.0881751344541079	0.058410823345184326
3	5.046181818181818	0.0831608730167113	0.11075444519519806
4	4.963692307692308	0.07678599553698161	0.0742347314953804
5	5.0185	0.06953851405875729	0.05503736436367035
6	5.0372	0.061829354581784166	0.06298083066940308
7	4.9952	0.05449608079853084	0.08281128853559494
8	4.971096774193549	0.049948273947051314	0.05004071071743965
9	4.980736842105263	0.044461851254094735	0.06261517107486725
10	4.993217391304348	0.04078374325006598	0.11074694246053696
11	5.021454545454546	0.03688026017238988	0.06217707321047783
12	5.000184615384615	0.03410791062088335	0.08526159077882767
13	5.008263157894737	0.0315954046659518	0.11146072298288345
14	4.9837727272727275	0.029355010757198187	0.09585943073034286
15	5.0059801980198015	0.027170304834775998	0.08088576793670654
16	5.012626086956522	0.025569777778971434	0.0944489985704422
17	4.98516923076923	0.02397635253383181	0.08560112118721008
18	5.006958904109589	0.022710859577796685	0.09830153733491898
19	4.995165644171779	0.021598555615814807	0.05034438520669937
20	5.001591160220994	0.020429991628619155	0.11734256893396378
21	4.99776	0.019413291756732003	0.05412692949175835
22	4.991963636363637	0.018563770201151002	0.0789191797375679
23	5.006672199170125	0.017771492019871566	0.0544346421957016
24	5.003361216730038	0.01693975923497353	0.11359090358018875
25	4.993230769230769	0.016300832879670168	0.09559547901153564
26	4.998348387096774	0.015575236340757644	0.06469924002885818
27	4.994256716417911	0.015025584239981545	0.15605972707271576
28	5.000731301939058	0.014494978847735727	0.08463936299085617
29	5.003886597938144	0.013981486524490116	0.09067992120981216
30	5.003990384615385	0.013496774269153064	0.07754214107990265
31	5.005150561797753	0.01304243470277363	0.06533729285001755
32	4.996168421052632	0.01259806729317289	0.052158504724502563
33	4.994861660079051	0.01224245358362279	0.06020796671509743
34	4.99924907063197	0.011859731967842556	0.07543087750673294
35	5.005015761821366	0.011512387688815007	0.07090157270431519
36	4.995147107438017	0.011188050533732523	0.05129922553896904
37	5.00248125	0.010857561691220652	0.08108782768249512
38	5.003680473372781	0.010591100105578264	0.05715828016400337
39	4.999130434782609	0.01030567825734436	0.08226100355386734
40	5.000569906790945	0.010059663328373897	0.06943102180957794
41	4.997508860759494	0.009829371365051244	0.0733925923705101
42	4.9961831325301205	0.009565371319810076	0.0630483627319336
43	5.000610792192882	0.00933973675385558	0.10891003161668777
44	5.003583789704272	0.00909613607226448	0.11099430173635483
45	5.003937238493724	0.008906026209262029	0.08169667422771454
46	5.005172	0.008722459115122073	0.06393565237522125
47	5.002786602870813	0.008503207553676307	0.10616215318441391
48	5.004106324472961	0.008331451025052103	0.05442824959754944
49	5.0016239015817225	0.008149820733923641	0.08952593803405762
50	5.003706576728499	0.007978787641147246	0.18995393812656403
