1	7.985	0.0659778371879527	0.2911521792411804
2	7.9888	0.06653070124386182	0.05115913599729538
3	8.0074	0.06545976956879684	0.18862619996070862
4	8.0266	0.0646650322198945	0.6243552565574646
5	7.964	0.06482088552310894	0.22719714045524597
6	7.9752	0.06526203282154178	0.4379943609237671
7	8.0124	0.06552162415569393	0.18172653019428253
8	8.0158	0.06540757332297216	0.06723269820213318
9	7.9816	0.06505590359068097	0.009700309485197067
10	8.0204	0.06515988729272001	0.10081294178962708
11	7.969	0.06517722148112781	0.42473772168159485
12	8.0106	0.06565118241128631	0.07859141379594803
13	8.018	0.06450036278967708	0.11636848002672195
14	8.0028	0.06580870677957434	0.12623922526836395
15	8.0026	0.06494696168413132	0.1501118540763855
16	8.017	0.0654840423309376	0.4072888195514679
17	7.9648	0.0653471478184013	0.31653207540512085
18	7.989	0.06652805573590743	0.1493433564901352
19	8.001	0.06639426330640341	0.008456612937152386
20	8.0184	0.06607170795431279	0.08793278783559799
21	8.0054	0.06481903664819463	0.08390018343925476
22	8.0002	0.06470826784886163	3.69778681488242e-05
23	7.9852	0.06593698300650402	0.07560161501169205
24	8.0356	0.06515918010533875	0.1286250501871109
25	8.0426	0.06564977861348799	0.6199221014976501
26	7.9616	0.06556390616795194	0.9661952257156372
27	7.9844	0.06594211061226352	0.12041554600000381
28	7.9862	0.06500536291722392	0.06257067620754242
29	8.0028	0.06544666445281992	0.0006708255968987942
30	8.0026	0.06565263004632801	0.009829443879425526
31	7.9944	0.06669950188719564	0.5959740281105042
32	7.9956	0.06549049665409479	0.10628713667392731
33	7.9894	0.06589201584410659	0.6680366396903992
34	7.9834	0.06708102557355555	0.07721427828073502
35	8.0222	0.06560207990605173	0.1341952085494995
36	7.9942	0.06529486540303155	0.3623492121696472
37	7.999	0.0663074520698843	0.03614730387926102
38	8.023	0.06527700820350152	0.6347469091415405
39	7.9844	0.06604030551110429	0.09749959409236908
40	7.9998	0.06636173542034596	0.26683753728866577
41	7.9982	0.0658661837971505	0.05463314428925514
42	8.0062	0.06554792756449287	0.05086199566721916
43	8.021	0.06522856889431178	0.21965529024600983
44	7.9906	0.06477376746801136	0.4243723154067993
45	7.98	0.06519877299458934	0.09590154886245728
46	8.0058	0.06525625983765843	0.1474788933992386
47	7.9874	0.06495039824358283	0.3634594976902008
48	8.024	0.06604122348957522	0.07370714843273163
49	8.0078	0.0657067004802402	0.13252584636211395
50	8.0164	0.06597450925925849	0.08584967255592346
