1	12.6024	0.09112722570121384	0.08015430718660355
2	12.5704	0.09214726161964906	0.12985841929912567
3	12.569454545454546	0.08904273846996105	0.09040220826864243
4	12.606153846153846	0.08100954275451885	0.03930512070655823
5	12.55825	0.07421752225300304	0.0548151433467865
6	12.5784	0.06560408670197317	0.3452918529510498
7	12.61712	0.05872652027886578	0.05949278548359871
8	12.602709677419355	0.05264764191988791	0.28043287992477417
9	12.585263157894737	0.04745879467507036	0.1568334400653839
10	12.614260869565218	0.043604143934851736	0.47215694189071655
11	12.601381818181817	0.03942043359613904	0.1844528317451477
12	12.603938461538462	0.03602836654650172	0.057276442646980286
13	12.601263157894737	0.03381276976719513	0.20759494602680206
14	12.609318181818182	0.031416089470079483	0.13271529972553253
15	12.590415841584159	0.029406379986795433	0.10754399001598358
16	12.594713043478261	0.027452323861120478	0.8365567922592163
17	12.610553846153847	0.025875441652956292	0.14100173115730286
18	12.602958904109588	0.02430572035536135	0.051499735563993454
19	12.601374233128835	0.022950998238735962	0.869109570980072
20	12.6153591160221	0.021863010664136727	0.11897648125886917
21	12.60292	0.020784988459174192	0.06747175008058548
22	12.603818181818182	0.019754884602672686	0.26607057452201843
23	12.603070539419088	0.018949864576926562	0.8612506985664368
24	12.602038022813689	0.01808576925193291	0.07070016115903854
25	12.601034965034964	0.017399040483707502	0.07804040610790253
26	12.603122580645161	0.016689251927799804	0.12808796763420105
27	12.591689552238806	0.01607019018684658	0.32543036341667175
28	12.601850415512466	0.015521598493922463	0.2178167998790741
29	12.60158762886598	0.014928919335893385	0.062342096120119095
30	12.59614423076923	0.01446779568922334	0.1145966574549675
31	12.59612584269663	0.013911327814298635	0.0636785551905632
32	12.60538947368421	0.013517950852940566	0.06079137697815895
33	12.60098023715415	0.013060694605217955	0.0768609568476677
34	12.606869888475837	0.012684820376518784	0.20929460227489471
35	12.597260945709282	0.012280672026680229	0.5176354050636292
36	12.598214876033058	0.011945363243133153	0.11607462167739868
37	12.5979625	0.011635013869067738	0.18171493709087372
38	12.600455621301775	0.011312060570012888	0.12240496277809143
39	12.599068723702665	0.01099994684760437	0.14025719463825226
40	12.596958721704395	0.010736499642674167	0.054255321621894836
41	12.601007594936709	0.01046936060601287	0.050182636827230453
42	12.598303614457832	0.010175990317540365	0.24565725028514862
43	12.596454649827784	0.009959503329916696	0.33362260460853577
44	12.606764512595838	0.009710363588767156	0.2706460952758789
45	12.595313807531381	0.00951397159938541	0.05476836860179901
46	12.5984	0.009289746812480938	0.053326644003391266
47	12.606909090909092	0.009086545020969948	0.19166012108325958
48	12.60272777268561	0.008883114513864499	0.053253788501024246
49	12.596077328646748	0.008712562909525778	0.05442696064710617
50	12.604401349072512	0.008551305063183728	0.164425790309906
