1	11.736	0.09542648688912325	0.20534273982048035
2	11.6684	0.0961656341111522	0.18447118997573853
3	11.704	0.08988624877592902	0.07633903622627258
4	11.714461538461538	0.0818005557014334	0.04697740077972412
5	11.71725	0.07301322129844036	0.4342339038848877
6	11.7294	0.06699310525718313	0.06770044565200806
7	11.72448	0.05994728159494782	0.06174980849027634
8	11.679354838709678	0.053640770827686646	0.24917741119861603
9	11.691578947368422	0.04856625104568758	0.0176982581615448
10	11.713217391304347	0.043523951523378825	0.0596381351351738
11	11.694909090909091	0.04016865553080556	0.18510963022708893
12	11.690092307692307	0.03702415619600809	0.016896089538931847
13	11.678368421052632	0.03412189266400109	0.8714392781257629
14	11.709090909090909	0.032017932616204	0.05397222563624382
15	11.68990099009901	0.029609180579449626	0.264527291059494
16	11.6896	0.027905190033762774	0.7182204723358154
17	11.705938461538462	0.026194680970392528	0.05488710477948189
18	11.686109589041095	0.024775438324997658	0.12881511449813843
19	11.710920245398773	0.023292283626140366	0.21197566390037537
20	11.705082872928177	0.022215716008400367	0.49740931391716003
21	11.7038	0.021101350686626733	0.11540715396404266
22	11.70130909090909	0.020097398801375316	0.05077633261680603
23	11.699369294605809	0.019205701278567192	0.23666173219680786
24	11.687847908745248	0.018414781249617276	0.11591453850269318
25	11.701426573426573	0.017710670646312574	0.054015640169382095
26	11.696206451612904	0.01696850905794882	0.13183870911598206
27	11.69844776119403	0.016252319591688984	0.11611347645521164
28	11.697484764542937	0.015740050213723298	0.05369628593325615
29	11.693835051546392	0.015167305248499508	0.05450804904103279
30	11.701990384615385	0.014618392567221417	0.054064225405454636
31	11.691415730337079	0.014140942122674596	0.18816301226615906
32	11.693465263157895	0.013646661906711214	0.06576019525527954
33	11.697573122529644	0.013309420836386924	0.05332360416650772
34	11.702386617100371	0.012893154809643627	0.053697794675827026
35	11.69768826619965	0.01251207116748746	0.05402670055627823
36	11.698373553719009	0.012154106428683007	0.05392877385020256
37	11.70358125	0.011812332557499989	0.052804529666900635
38	11.702437869822486	0.011492464471261845	0.05271517112851143
39	11.696106591865357	0.011183036054330301	0.05411742255091667
40	11.699579227696406	0.010908675919132336	0.05402608588337898
41	11.701124050632911	0.010586371389640801	0.05448123440146446
42	11.701715662650603	0.010356753101556655	0.0531887486577034
43	11.701005740528128	0.010111366303247661	0.05126354843378067
44	11.7039430449069	0.009879064948175963	0.05366574227809906
45	11.698514644351464	0.009645571451249016	0.2255367487668991
46	11.705092	0.009436520427323606	0.05170769989490509
47	11.702606698564594	0.009225551345326082	0.05157303810119629
48	11.697954170485794	0.009052436480467723	0.12222424894571304
49	11.699005272407733	0.008830311318637282	0.05327951908111572
50	11.698327150084317	0.00865806971382906	0.05322376638650894
