1	11.0256	0.05549090649827179	0.05473762005567551
2	10.9864	0.05683919549043595	0.1517484188079834
3	10.994545454545454	0.05516288563804378	0.08535316586494446
4	10.98276923076923	0.050008582167423835	0.08041901141405106
5	10.97275	0.04510007466041525	0.06998413056135178
6	10.9986	0.04057433267473418	0.05513954907655716
7	10.98528	0.03592839522027133	0.05288452282547951
8	10.990064516129033	0.03234571696834798	0.11329870671033859
9	10.979684210526315	0.02916410944100345	0.1013198271393776
10	10.994434782608696	0.026402840317332178	0.10571153461933136
11	10.984727272727273	0.024421546865724786	0.10069330781698227
12	10.994215384615385	0.022234818366649575	0.19314256310462952
13	10.999	0.02054026712112569	0.05391661822795868
14	11.004545454545454	0.019180089812854188	0.051071036607027054
15	11.006178217821782	0.017835652502712407	0.0702996477484703
16	11.005391304347826	0.016706789007704944	0.05216578021645546
17	10.994215384615385	0.015844935350635345	0.051958393305540085
18	10.99841095890411	0.01493945171365512	0.08836232870817184
19	11.006895705521472	0.014023537437097635	0.05491851642727852
20	10.997060773480664	0.01347123085924323	0.09027280658483505
21	10.99804	0.012701846657553466	0.06377802789211273
22	10.997127272727273	0.012164681501257947	0.05109025910496712
23	10.998323651452282	0.011588170601550943	0.06682360172271729
24	11.001764258555133	0.011106100390567772	0.05942655727267265
25	10.993972027972028	0.010643821769207898	0.05234337970614433
26	10.999806451612903	0.010208718592257107	0.0777490958571434
27	11.002065671641791	0.009834688196046649	0.05732887610793114
28	10.997074792243767	0.009540063571126623	0.05619319900870323
29	10.997474226804124	0.009174385633696392	0.10394711792469025
30	10.995384615384616	0.008857966932360014	0.10747764259576797
31	10.99688988764045	0.008530599042212423	0.061893485486507416
32	11.007890526315789	0.008208917344931248	0.08665062487125397
33	10.998466403162055	0.008013905186136502	0.05626114085316658
34	10.995576208178438	0.0077670913152614925	0.050626885145902634
35	11.000630472854642	0.00753994291136552	0.05414237082004547
36	10.99564958677686	0.007326103862199139	0.12329471856355667
37	10.999875	0.007112406572046813	0.13482874631881714
38	11.006218934911242	0.006908780502653544	0.11671587079763412
39	11.001907433380085	0.006731388841443914	0.05234702676534653
40	11.000484687083889	0.00657998231697123	0.12213249504566193
41	11.0028	0.0063959911022278965	0.0643385797739029
42	10.994669879518073	0.006251806080017563	0.11683163791894913
43	11.002195177956372	0.006105505346799902	0.10695642977952957
44	10.999426067907995	0.005957767385876472	0.10559076070785522
45	11.000899581589959	0.005830308239444694	0.11699514836072922
46	10.996488	0.005702423692678073	0.05357898026704788
47	10.999923444976076	0.005552910079991209	0.09651239216327667
48	11.001708524289642	0.0054394577095807275	0.05755279213190079
49	10.99805272407733	0.0053387487548017445	0.061077479273080826
50	11.001234401349073	0.005208184303176026	0.053371965885162354
