1	25.3828	0.1779091776384798	0.05576564744114876
2	25.446	0.17906499155334588	0.010126080363988876
3	25.483	0.17949183769742838	4.8699628678150475e-05
4	25.4632	0.17845257736440784	4.377641744213179e-06
5	25.3692	0.17794269990083886	0.07847484946250916
6	25.2962	0.18079059159148783	0.05271068587899208
7	25.4158	0.18015048889192603	0.08597776293754578
8	25.5564	0.17967379962587746	0.13976317644119263
9	25.3364	0.18036779943215972	0.1573771983385086
10	25.3228	0.17839988869951662	0.6216342449188232
11	25.3014	0.1828600680082992	0.12654167413711548
12	25.4316	0.17899781728278197	0.0038654471281915903
13	25.4616	0.17853264629193166	0.8149721026420593
14	25.3614	0.17941499957361448	0.009753452613949776
15	25.4246	0.18277025663931198	0.2128717005252838
16	25.5606	0.17894253198163962	0.00220159231685102
17	25.3308	0.17628042559512935	0.2259879857301712
18	25.485	0.17847239282309196	0.08540347218513489
19	25.4544	0.17826120484278132	0.1333276480436325
20	25.3998	0.17958331751028564	0.06482159346342087
21	25.3916	0.1782891163027059	0.18391303718090057
22	25.4762	0.17875284727242813	0.19678175449371338
23	25.4982	0.18004797740602374	1.280466494790744e-05
24	25.434	0.17774813416742202	0.04260106384754181
25	25.465	0.17919808871748594	0.25832074880599976
26	25.5086	0.17669936862365918	0.05272302031517029
27	25.3736	0.18101326324885705	0.017309123650193214
28	25.4684	0.17905452407576888	0.07871299237012863
29	25.4258	0.1759140979228217	0.00034095413866452873
30	25.5088	0.18069626617060985	0.0007365453639067709
31	25.5156	0.1763620195847171	0.04297856613993645
32	25.4014	0.1788114662766344	0.0010461000492796302
33	25.3524	0.17735970690097616	0.21042367815971375
34	25.5392	0.1788727873322264	0.010200989432632923
35	25.4616	0.18015855736544933	0.25918659567832947
36	25.3656	0.17756116115862752	0.0001325627526966855
37	25.4088	0.17707464134652345	0.011379005387425423
38	25.4144	0.17974518283392157	0.029255835339426994
39	25.3502	0.17565331744091817	0.14065301418304443
40	25.3598	0.17765443740025177	0.28875115513801575
41	25.4772	0.17757506662817285	0.00403705844655633
42	25.4656	0.17752709638812925	2.7747475542128086e-05
43	25.432	0.17898401269387157	0.0005748012918047607
44	25.4514	0.17714758951789333	0.05315880477428436
45	25.437	0.17736486630671788	0.005547420587390661
46	25.4138	0.17795725668822923	0.05713276565074921
47	25.3752	0.17783713034122015	0.1576184779405594
48	25.3972	0.1796568336802137	0.26537832617759705
49	25.3732	0.17723029980226268	0.0060005635023117065
50	25.387	0.17756974911284878	0.27242615818977356
