1	0.49182246031746035	0.0028739195458305665	0.07356266677379608
2	0.4929362222222222	0.0029604165063398698	0.06612932682037354
3	0.49342109523809524	0.002920179691544879	0.21517665684223175
4	0.49280622222222226	0.002869438313547509	0.08989261835813522
5	0.491242126984127	0.002873304716106988	0.063991479575634
6	0.49293906349206346	0.0028973271261238075	0.5070264339447021
7	0.492511746031746	0.002933381029482376	0.13947220146656036
8	0.4918164920634921	0.002881956394926534	0.06144588068127632
9	0.4936517142857143	0.002856327028495239	0.0010612208861857653
10	0.4926131746031746	0.0028962053430585705	0.04344041272997856
11	0.49089779365079367	0.002864205755783682	0.1664227843284607
12	0.4923279523809524	0.002866592117847228	0.7343111038208008
13	0.49284601587301585	0.0028999473060815247	0.8104556798934937
14	0.4928071904761905	0.0028758994816048943	0.1938401758670807
15	0.4923860634920635	0.002896056504497238	0.5897890329360962
16	0.49447087301587306	0.0029447440893607827	0.7884534001350403
17	0.491978126984127	0.002953113322920692	0.006308682728558779
18	0.4915700952380953	0.0029030399701005984	0.3507104516029358
19	0.4918815873015873	0.0029415823181447188	0.9104340076446533
20	0.4928304126984127	0.002915434804905169	0.415449321269989
21	0.4931163492063492	0.0028808863149528416	0.5448959469795227
22	0.491578873015873	0.002888306485662451	0.0653495267033577
23	0.49136344444444446	0.002873336752084627	0.295347660779953
24	0.4932685873015873	0.002914813101732475	0.1648886799812317
25	0.49406076190476195	0.002899681878275607	0.13044928014278412
26	0.4901992063492064	0.0029131793766431183	0.7218371629714966
27	0.4931797142857143	0.0028900305733473765	0.060460854321718216
28	0.4922018888888889	0.0028692804785201355	0.07853182405233383
29	0.4930713650793651	0.002868330151585773	0.09167206287384033
30	0.49131022222222226	0.0029197439042221046	0.3102623522281647
31	0.49101877777777775	0.002941968412383251	0.1481579840183258
32	0.4916102222222223	0.0028702265378577796	0.06071321293711662
33	0.49225307936507945	0.002907327334021588	0.17426243424415588
34	0.49236298412698415	0.0029166390745886976	0.24740062654018402
35	0.49333822222222223	0.002901399412539067	0.5073896050453186
36	0.4926968412698413	0.002876148430408447	0.01579679362475872
37	0.4930817936507936	0.0029133706505799248	0.1473749876022339
38	0.4929052222222223	0.0028689147679306073	0.5482978224754333
39	0.49247787301587304	0.0029274922592959344	0.08104905486106873
40	0.49273553968253964	0.002922575222953674	0.058839861303567886
41	0.49223433333333333	0.002918571687514527	0.052094221115112305
42	0.4929949047619048	0.0029406100659679643	0.14558793604373932
43	0.4931135079365079	0.0029058770537202018	0.6886327862739563
44	0.49218511111111113	0.0028931879649173827	0.956174910068512
45	0.4924500952380953	0.002877638853644021	0.0887385755777359
46	0.49312969841269844	0.002876767694504468	0.47424712777137756
47	0.49197552380952386	0.0028942637212404703	0.14786972105503082
48	0.4926567301587302	0.0029160090923749755	0.06591325998306274
49	0.49311890476190473	0.0028902801708005684	0.030662376433610916
50	0.4927604920634921	0.002933206475231426	0.33247077465057373
