1	3.5256	0.06755650008696425	0.05369412526488304
2	3.4864	0.06797274559704052	0.1218479797244072
3	3.5367272727272727	0.06512453667578112	0.17479197680950165
4	3.4867692307692306	0.059550489496491416	0.0540647879242897
5	3.4885	0.05219628758350538	0.08079379796981812
6	3.475	0.04742230487861169	0.0947844609618187
7	3.49888	0.043083822876620395	0.07945191860198975
8	3.516258064516129	0.03847954459738152	0.08711816370487213
9	3.498	0.03477265426688825	0.06552794575691223
10	3.5048695652173913	0.03164459366220957	0.06423555314540863
11	3.4748363636363635	0.029085194023745993	0.085678331553936
12	3.5001846153846152	0.02655928244666883	0.05877772346138954
13	3.499842105263158	0.024559611223025402	0.07159871608018875
14	3.4995454545454545	0.022806587016580396	0.11256487667560577
15	3.5075643564356436	0.02153252054975052	0.06536619365215302
16	3.498469565217391	0.020017229446641388	0.055280912667512894
17	3.4979692307692307	0.01870885101986187	0.07047450542449951
18	3.498849315068493	0.017586535157148628	0.10571704804897308
19	3.501276073619632	0.016698424584251886	0.052426569163799286
20	3.5123977900552488	0.016044958409461508	0.051425751298666
21	3.50278	0.015167735786464635	0.07297976315021515
22	3.4973272727272726	0.014455842868952361	0.0530288927257061
23	3.49802489626556	0.013814736978190897	0.05982257425785065
24	3.502250950570342	0.013226365695941725	0.10115183889865875
25	3.50593006993007	0.012696345816644566	0.07857690751552582
26	3.4970451612903224	0.012128571783142568	0.06029849499464035
27	3.502985074626866	0.011728198483701492	0.13457894325256348
28	3.499645429362881	0.011251794674139982	0.05204306170344353
29	3.4989484536082474	0.01090318672601151	0.05382393300533295
30	3.503048076923077	0.010535325999692568	0.10742421448230743
31	3.5011865168539327	0.010175563145400489	0.07315834611654282
32	3.501903157894737	0.009837496711880134	0.10548410564661026
33	3.496474308300395	0.009499065168924462	0.06249557062983513
34	3.497092936802974	0.009232688398819609	0.06619174033403397
35	3.4952784588441332	0.008965933795899465	0.07073626667261124
36	3.5055404958677685	0.008698099785225025	0.08067264407873154
37	3.50120625	0.008469808293524284	0.1405632048845291
38	3.500248520710059	0.008274017426865246	0.10152306407690048
39	3.496723702664797	0.008025643550412647	0.0870761126279831
40	3.5028761651131823	0.007817550181658457	0.10379916429519653
41	3.5035645569620253	0.00762450684922748	0.05463073030114174
42	3.500265060240964	0.007446653154293715	0.06473006308078766
43	3.501970149253731	0.007249103489439878	0.0725284144282341
44	3.5009550930996713	0.007082719123660113	0.057986676692962646
45	3.5017698744769876	0.006914908292231467	0.13072165846824646
46	3.497332	0.006764426933889963	0.08474327623844147
47	3.5	0.006622926064298715	0.05613246187567711
48	3.497011915673694	0.006477639017224588	0.05129129812121391
49	3.499479789103691	0.006347584106934071	0.058184824883937836
50	3.5018785834738617	0.006236819624995673	0.05396207422018051
