1	14.416	0.05545194676474369	0.7420299053192139
2	14.392	0.05729720412027091	0.06644657254219055
3	14.401818181818182	0.05446893806679859	0.061638519167900085
4	14.396923076923077	0.05028837368609934	0.06653308868408203
5	14.37225	0.0454274681153927	0.118136465549469
6	14.3974	0.04074422452323849	0.05796840414404869
7	14.3728	0.035981998699349996	0.11934803426265717
8	14.390064516129032	0.032312345223694264	0.0531504787504673
9	14.376947368421053	0.029561591323644984	0.05409132316708565
10	14.388347826086957	0.026687401001902984	0.16985973715782166
11	14.394618181818181	0.02434541687379449	0.13855396211147308
12	14.399138461538461	0.022399551258916118	0.05575890466570854
13	14.39342105263158	0.020725858611689074	0.06680334359407425
14	14.4	0.019067518137761967	0.1643742024898529
15	14.404277227722773	0.01793277833535724	0.0501800961792469
16	14.405947826086956	0.016724708277693318	0.05474390834569931
17	14.3968	0.015861047662331013	0.2522614300251007
18	14.39654794520548	0.014900616164158132	0.08130096644163132
19	14.406650306748466	0.014047350709940636	0.8419272899627686
20	14.39820994475138	0.013472706556096944	0.06726401299238205
21	14.39812	0.012766756980846776	0.09172800183296204
22	14.401490909090908	0.012123858040579779	0.05640888214111328
23	14.397195020746889	0.011601309911400133	0.13753646612167358
24	14.402281368821292	0.011095209959954772	0.41587868332862854
25	14.394867132867132	0.010680997609766004	0.060463227331638336
26	14.396167741935484	0.010175231860403772	0.08821772783994675
27	14.403880597014926	0.009816869105232464	0.09526180475950241
28	14.394880886426593	0.009508740212011218	0.11191333830356598
29	14.398711340206185	0.00913554215910202	0.10159166157245636
30	14.39523076923077	0.008853299320195868	0.21058106422424316
31	14.396026966292135	0.008559402043056613	0.08161580562591553
32	14.403107368421052	0.008214320874000458	0.22104202210903168
33	14.40093280632411	0.008018598455454159	0.051018841564655304
34	14.394877323420074	0.00777113529425124	0.09189382195472717
35	14.40522591943958	0.007545779489207751	0.09248968213796616
36	14.397011570247933	0.007357267448030598	0.15141937136650085
37	14.40355	0.0071416971361418485	0.32086777687072754
38	14.403165680473373	0.00688430898550632	0.1596372425556183
39	14.405251051893408	0.006723450627263803	0.12187027186155319
40	14.399131824234354	0.006579794173267499	0.24567607045173645
41	14.40559493670886	0.006403839095206889	0.055419616401195526
42	14.396771084337349	0.006264627472798259	0.069114089012146
43	14.402498277841561	0.0060853964593145776	0.22354699671268463
44	14.401047097480832	0.005958762225438019	0.07429530471563339
45	14.401276150627615	0.0058028381929067716	0.2198246866464615
46	14.397704	0.005703799349716382	0.09974336624145508
47	14.39807081339713	0.00557526126614746	0.237394317984581
48	14.400806599450046	0.0054365724744264874	0.05739091709256172
49	14.398966608084358	0.005344993111694592	0.07599909603595734
50	14.401112984822934	0.005216198829905077	0.05796082690358162
