1	24.5764	0.1439120111179042	0.06036891043186188
2	24.6148	0.15223480369482012	0.8957920670509338
3	24.632	0.14289486674527035	0.7490520477294922
4	24.607692307692307	0.134638949754812	0.5843973159790039
5	24.60425	0.12152899596135544	0.22114263474941254
6	24.5926	0.10713172000859453	0.01032164879143238
7	24.56448	0.0950842497715782	0.3028412461280823
8	24.57690322580645	0.08600142690264369	0.1442110687494278
9	24.56715789473684	0.0776419353925828	0.39337706565856934
10	24.569391304347825	0.0705842017727975	0.09024981409311295
11	24.61650909090909	0.06441459398018332	0.40312305092811584
12	24.594707692307693	0.058973778668394296	0.10099925100803375
13	24.581894736842106	0.0549402381465952	0.502810537815094
14	24.580863636363638	0.05099273348650726	0.06484267115592957
15	24.585861386138614	0.047662723366584975	0.05623588711023331
16	24.60904347826087	0.04462521722370312	0.28166964650154114
17	24.58763076923077	0.04197508247185302	0.9982184171676636
18	24.58876712328767	0.03957424523896532	0.1332312971353531
19	24.610674846625766	0.0372027875082213	0.20180553197860718
20	24.59604419889503	0.035516059345779775	0.03953869640827179
21	24.60236	0.033659632164834814	0.694859504699707
22	24.59318181818182	0.0322154728423828	0.11847545951604843
23	24.59595020746888	0.03064113633673559	0.12854720652103424
24	24.583558935361218	0.0294013278519729	0.34547245502471924
25	24.60265734265734	0.028183360612822006	0.07713863253593445
26	24.582645161290323	0.026941258549391625	0.22063016891479492
27	24.593576119402986	0.026098715684574416	0.09255558252334595
28	24.583124653739613	0.025054736532236832	0.05154702067375183
29	24.589463917525773	0.024140668745091617	0.07074224948883057
30	24.589596153846156	0.02337056821130841	0.07764869183301926
31	24.582103370786516	0.02264832347140132	0.2881600558757782
32	24.582517894736842	0.021778262117328785	0.05916932597756386
33	24.599707509881423	0.02125286776638504	0.60358726978302
34	24.59174721189591	0.02049711991750107	0.07216250896453857
35	24.602192644483363	0.02005880115244273	0.16062404215335846
36	24.594604958677685	0.019444034800963114	0.5962305665016174
37	24.6019375	0.018960518801387737	0.09239736944437027
38	24.58910650887574	0.018219298417771385	0.11003848165273666
39	24.60429172510519	0.01791279262224932	0.39215517044067383
40	24.59180292942743	0.01745165531164739	0.2915283441543579
41	24.600491139240507	0.017021543016954695	0.14616410434246063
42	24.602443373493976	0.016602094354735572	0.11095187067985535
43	24.595297359357062	0.01614446510288836	0.3593447804450989
44	24.598580503833517	0.015826109005658853	0.05571652948856354
45	24.59365690376569	0.01540042850725992	0.719689667224884
46	24.595144	0.015097406475732806	0.3588385283946991
47	24.58734162679426	0.014758413764442238	0.03056609071791172
48	24.59446012832264	0.014424457438649837	0.09176303446292877
49	24.593539543057997	0.014189489107547104	0.062052544206380844
50	24.596883642495783	0.013850141964244778	0.2256576418876648
