1	11.7342	0.06682866636406845	0.5563907027244568
2	11.7268	0.06723965472844073	0.5149862170219421
3	11.7172	0.06782421019075721	0.14978212118148804
4	11.7164	0.06731736679342086	0.005884511861950159
5	11.7322	0.06746309871329631	0.41894790530204773
6	11.6652	0.06691962438627361	0.22872750461101532
7	11.7088	0.06741397932179957	0.17048706114292145
8	11.7192	0.0664071716608982	0.13239389657974243
9	11.7198	0.06687898270757464	0.08306435495615005
10	11.68	0.06781327303706887	0.10473163425922394
11	11.7376	0.06720999354262716	0.4636935889720917
12	11.6876	0.0671679330633304	0.1483219861984253
13	11.7214	0.06695556490688462	0.13880285620689392
14	11.6616	0.06659574905352422	0.13535001873970032
15	11.6676	0.06737001137004503	0.24984504282474518
16	11.6324	0.06594639059114583	0.6357176303863525
17	11.673	0.06725450022117503	0.6753096580505371
18	11.7158	0.06635672270388265	0.06066353619098663
19	11.6962	0.06659602096221667	0.03704819083213806
20	11.6766	0.0661962415247269	0.956846296787262
21	11.7568	0.06875766697612716	0.005065864883363247
22	11.7168	0.06523462246384235	0.3766057789325714
23	11.6838	0.06659483169135569	0.7107505202293396
24	11.6748	0.06623745864690189	0.3947625458240509
25	11.6838	0.06692377460962598	0.045492980629205704
26	11.7212	0.06764145923913832	0.7286309599876404
27	11.7036	0.0673678311362329	0.23906846344470978
28	11.709	0.06620040936429361	0.6677077412605286
29	11.7212	0.06706956841966416	0.05607227608561516
30	11.6698	0.06634773792677455	0.24357593059539795
31	11.707	0.06582455316977091	0.09835272282361984
32	11.6762	0.06680446398258119	0.07377991080284119
33	11.6904	0.06678282797246618	0.4976327121257782
34	11.719	0.06664645677003418	0.10143493115901947
35	11.6888	0.06683410961477651	0.017660051584243774
36	11.72	0.06604362194792139	0.5742749571800232
37	11.7174	0.06629846930359687	0.9425899982452393
38	11.7372	0.0656737777807855	0.1861681342124939
39	11.7074	0.06706842350912978	0.13314369320869446
40	11.704	0.06634252934581233	0.10036075115203857
41	11.6712	0.06611840143258124	0.00032860555802471936
42	11.7182	0.0673336451411923	0.0004900929634459317
43	11.7056	0.06760762939195519	0.17437700927257538
44	11.7148	0.06724633616785368	0.073440320789814
45	11.676	0.06650295632526408	0.33009016513824463
46	11.6648	0.06638127543215802	0.053747545927762985
47	11.676	0.06672453222016614	0.15624579787254333
48	11.694	0.06749351968892983	0.05759963393211365
49	11.7054	0.06800690782560276	0.7843506932258606
50	11.7248	0.06703728013575735	0.5709536075592041
