1	25.35	0.2551369044258389	0.16976837813854218
2	25.34	0.2545273266272215	0.18423594534397125
3	25.385454545454547	0.24426479701208165	0.3989850580692291
4	25.410153846153847	0.22164663690304937	0.27944716811180115
5	25.3165	0.20157749734903427	0.06354189664125443
6	25.3964	0.17682432149452798	0.5133025646209717
7	25.452	0.16027838980973025	0.5670648217201233
8	25.36490322580645	0.1443014813248197	0.05825106054544449
9	25.344736842105263	0.13001401507998403	0.5058377981185913
10	25.432782608695653	0.11842014110508112	0.1790265589952469
11	25.367345454545454	0.10637600780843026	0.3512897491455078
12	25.481353846153848	0.09905073044963948	0.06466435641050339
13	25.40715789473684	0.09168318385334975	0.06596290320158005
14	25.442363636363638	0.08499873909879294	0.6490094065666199
15	25.385782178217823	0.079463132039596	0.1494300216436386
16	25.44086956521739	0.07466704765329973	0.08547050505876541
17	25.41603076923077	0.07016804601042596	0.11368710547685623
18	25.398794520547945	0.06637357283625075	0.1169305369257927
19	25.44441717791411	0.06248861091059423	0.135761097073555
20	25.41540331491713	0.05959253593979616	0.23657025396823883
21	25.3804	0.05666321956260503	0.3789236545562744
22	25.37370909090909	0.05378305687340236	0.22066044807434082
23	25.400995850622408	0.05142355900781395	0.08200366795063019
24	25.420365019011406	0.04956465865419958	0.22227732837200165
25	25.405706293706295	0.0472861598958471	0.44335711002349854
26	25.413470967741937	0.0452838165105208	0.6438800692558289
27	25.414471641791046	0.04386526972573396	0.05284266546368599
28	25.43173407202216	0.04202316711881644	0.06603220105171204
29	25.42136082474227	0.040517873624386906	0.1355402171611786
30	25.41298076923077	0.03927397729410125	0.21703298389911652
31	25.391460674157305	0.038007205997215944	0.20879708230495453
32	25.412732631578947	0.03674336032353638	0.1483973115682602
33	25.413588932806324	0.03558381215377644	0.11718631535768509
34	25.408156133828996	0.03448086517370778	0.8960208296775818
35	25.41861295971979	0.033554689245074217	0.41661155223846436
36	25.418122314049587	0.0325681029552049	0.17538827657699585
37	25.41445625	0.031650995037826556	0.10639608651399612
38	25.42326627218935	0.030837793577568752	0.07157168537378311
39	25.410081346423564	0.029942684639578956	0.23473308980464935
40	25.430545938748335	0.029277268212955218	0.01524207554757595
41	25.427220253164556	0.028491687574845055	0.42397645115852356
42	25.424361445783134	0.027805938737697766	0.7174171209335327
43	25.41785993111366	0.027228852588667418	0.19951459765434265
44	25.412276013143483	0.026521347221844516	0.6424424648284912
45	25.42225941422594	0.02591443062586325	0.22265832126140594
46	25.416828	0.025288543316351306	0.5348981618881226
47	25.400616267942585	0.024749883127606728	0.6353664398193359
48	25.39136938588451	0.02418925986456643	0.06652673333883286
49	25.411771528998244	0.023675058441994405	0.06013043224811554
50	25.40329173693086	0.023247918223199902	0.46409672498703003
