1	26.106	0.19110901391614085	0.09260037541389465
2	25.9636	0.18967913715535534	0.10459515452384949
3	25.959	0.19429681984016073	0.24124625325202942
4	26.002	0.18893616064692376	0.18185798823833466
5	25.9798	0.18855753903782208	0.45484617352485657
6	25.988	0.19218298780068999	0.09815418720245361
7	26.0166	0.1907128312201358	0.07892889529466629
8	26.0478	0.18695712687137722	0.9114298820495605
9	25.8826	0.19046015602219796	0.4770065248012543
10	25.9786	0.19042293893331258	0.17601284384727478
11	26.11	0.18914137569553666	0.17501196265220642
12	26.0122	0.18749808555822645	0.12398933619260788
13	25.9412	0.19000467522669026	0.09179241955280304
14	25.9702	0.1859850572707391	0.3768293261528015
15	26.0162	0.1899335873614772	0.888577401638031
16	25.992	0.1899809590458999	0.306118369102478
17	26.0014	0.19321023904544996	0.9237821698188782
18	26.1096	0.1911976414917294	0.4583595097064972
19	26.0514	0.18920064606654982	0.24684394896030426
20	26.0586	0.19152487794539938	0.10033687949180603
21	25.9204	0.1896325787200074	0.9206350445747375
22	26.1076	0.1887303897945423	0.8093242049217224
23	26.143	0.1873391357938858	0.015257277525961399
24	26.0576	0.19179120947530393	0.2265101671218872
25	26.0114	0.18764979635480605	0.009222070686519146
26	26.1394	0.18973840347172752	0.20163950324058533
27	25.9706	0.18919768537696185	0.026339957490563393
28	26.0532	0.19051662806169914	0.06860523670911789
29	26.0292	0.19185907653275103	0.2954365909099579
30	26.0878	0.18780331223916136	0.05737355723977089
31	26.0812	0.1898969504968419	0.08024273067712784
32	26.126	0.19076095826976724	0.12693262100219727
33	25.9856	0.18879413855308078	0.7781883478164673
34	25.9682	0.18997362913836235	0.05630353093147278
35	26.0016	0.18905807412538583	0.004664759151637554
36	25.9792	0.18805175151537462	0.0056524211540818214
37	25.9886	0.19071540596396458	0.06745824962854385
38	25.9842	0.18895118588672544	0.10344227403402328
39	25.9958	0.192120816800263	0.13099674880504608
40	26.0238	0.19106224223535065	0.15090908110141754
41	26.086	0.19050639674299702	0.08070296794176102
42	26.0122	0.19219888680218755	0.08472930639982224
43	25.9876	0.1896695105492704	0.7132405042648315
44	25.9788	0.19118240245378199	0.19398102164268494
45	25.9686	0.19000785581654284	0.43163543939590454
46	25.9916	0.18605384433545102	0.42901962995529175
47	26.0746	0.1905821154043578	0.1907252073287964
48	26.0456	0.18833464140194722	0.6457957625389099
49	25.9746	0.1912727861249482	0.21537724137306213
50	26.045	0.18797615540275325	0.2970024049282074
