1	24.5742	0.10843657062080106	1.6521376892342232e-05
2	24.5856	0.1081155435263594	0.10826534777879715
3	24.5716	0.10766007705737507	0.09824130684137344
4	24.6158	0.10800491955461988	0.2767680287361145
5	24.5664	0.10455842324748299	0.007084506098181009
6	24.62	0.10985408504011099	0.1447741538286209
7	24.6416	0.11078370363911758	0.10459880530834198
8	24.5474	0.10427711077700627	0.5136846899986267
9	24.5954	0.10521149134956634	0.2042914181947708
10	24.5776	0.10506322302309198	0.10409343242645264
11	24.6854	0.1084725233042903	0.03760957717895508
12	24.5414	0.10592240023715561	0.6067334413528442
13	24.6722	0.108859473120166	0.06303751468658447
14	24.579	0.10767082334597436	0.23449435830116272
15	24.5886	0.1062571883309553	0.0057014646008610725
16	24.5822	0.10506377914390841	0.04700117185711861
17	24.5614	0.10824164666153202	0.1110011413693428
18	24.5832	0.10828527124221395	0.477002888917923
19	24.5544	0.10504491016703293	0.0020862834062427282
20	24.6034	0.10459041634872594	0.0057292962446808815
21	24.5622	0.10674378711662759	0.0012674089521169662
22	24.6012	0.10776105701040627	0.00044539797818288207
23	24.6348	0.1087128885091375	0.10685830563306808
24	24.584	0.10865587512877523	0.5011014938354492
25	24.5672	0.10834847247654221	0.003327080048620701
26	24.6118	0.10575926138168802	0.00012240912474226207
27	24.623	0.10523178132104372	0.0006875210092402995
28	24.551	0.10649449844945072	0.05958940461277962
29	24.5652	0.10386543278685109	0.1934947967529297
30	24.5588	0.10627067614351549	0.000178947375388816
31	24.5824	0.10648952263955365	0.03158419206738472
32	24.5454	0.10575618143635823	0.019382892176508904
33	24.573	0.10546586082709353	0.0026561361737549305
34	24.543	0.10814116607471988	0.1236148327589035
35	24.5604	0.10465788700332128	3.4723136195680127e-05
36	24.5854	0.10559579684817086	0.00035784122883342206
37	24.6376	0.10841143496882633	1.7588756236364134e-05
38	24.589	0.1060361362932479	0.1780993938446045
39	24.6116	0.1063570486239632	0.0012883382150903344
40	24.5938	0.10584178195778847	0.09329873323440552
41	24.6236	0.10625187749870627	0.6337512731552124
42	24.6112	0.10783015444670321	0.48965349793434143
43	24.5788	0.10684541641081244	8.702372724656016e-06
44	24.5848	0.1054670381114393	0.001918657566420734
45	24.5466	0.10484584489620861	0.0002440456737531349
46	24.6136	0.10852120102542091	0.10266299545764923
47	24.6546	0.10840672447777405	0.0006979089812375605
48	24.5686	0.10661523939850259	0.07042445987462997
49	24.6876	0.10940425600496559	0.05818885937333107
50	24.56	0.10782652734832937	0.17162367701530457
