1	10.8028	0.08785262532218373	0.22848013043403625
2	10.8092	0.0884424292746416	0.057730965316295624
3	10.849818181818183	0.0829591349619124	0.10983864217996597
4	10.801846153846153	0.07779292817538792	0.22942569851875305
5	10.8005	0.06974112443530017	0.11721872538328171
6	10.8156	0.06149336510551359	0.05569113418459892
7	10.79104	0.05543760668080809	0.5616698861122131
8	10.789935483870968	0.049409101051915746	0.07320912927389145
9	10.800736842105263	0.04447118069302994	0.33829236030578613
10	10.817565217391305	0.040591213668798906	0.27379611134529114
11	10.812145454545455	0.037192015165922146	0.10825668275356293
12	10.796492307692308	0.03405741066247276	0.11117446422576904
13	10.804263157894736	0.031609349056976974	0.10554122924804688
14	10.788409090909092	0.029344505408204345	0.17860418558120728
15	10.810811881188119	0.027176837713749354	0.07554378360509872
16	10.804904347826087	0.025515701859252622	0.05160050094127655
17	10.78923076923077	0.024218806852753016	0.09881367534399033
18	10.797205479452055	0.022680600384470978	0.06300481408834457
19	10.804736196319018	0.02150087608765896	0.5280166268348694
20	10.806629834254144	0.02041429331184704	0.1366681158542633
21	10.79308	0.0193619921611388	0.06820792704820633
22	10.797272727272727	0.018548309211503897	0.07694368809461594
23	10.809427385892116	0.017696873963217084	0.0628349781036377
24	10.798920152091254	0.016977463224458596	0.18096664547920227
25	10.797454545454546	0.016248369535196185	0.062218595296144485
26	10.805935483870968	0.015608751391963192	0.07325804233551025
27	10.795594029850747	0.014961894268484634	0.07730233669281006
28	10.802592797783934	0.014459451452976183	0.05970621854066849
29	10.798649484536082	0.013973783995320213	0.06053909659385681
30	10.800644230769231	0.013488214679397065	0.11430522799491882
31	10.806660674157303	0.013023364140295694	0.21453329920768738
32	10.794804210526316	0.012620078828943174	0.05939256772398949
33	10.794893280632412	0.01222115649456643	0.05022416636347771
34	10.799739776951673	0.011862585565849963	0.4940342903137207
35	10.800994746059544	0.011495653580787978	0.1217886433005333
36	10.800581818181819	0.011195480152320133	0.06314697861671448
37	10.79670625	0.010912185307861807	0.21417465806007385
38	10.800449704142013	0.01061001574798807	0.06020265817642212
39	10.800869565217392	0.010270160495525532	0.07399362325668335
40	10.800516644474035	0.010045806353551585	0.08187759667634964
41	10.795848101265824	0.009774829250845583	0.05709544196724892
42	10.797783132530121	0.0095663109733579	0.07759367674589157
43	10.80300803673938	0.009313585991878624	0.12966863811016083
44	10.801910186199343	0.009098609393412416	0.07591420412063599
45	10.804548117154813	0.008894054880207513	0.064764104783535
46	10.803836	0.008714172632197719	0.06482134014368057
47	10.799502392344497	0.008502850589831919	0.05944691225886345
48	10.798562786434465	0.008322321373487044	0.06037162244319916
49	10.800288224956063	0.008160220957696817	0.06497815251350403
50	10.796158516020236	0.007988828525986072	0.17619863152503967
