1	8.0464	0.09264604332619913	0.1315855085849762
2	7.9856	0.09443841116833787	0.0986878052353859
3	7.971636363636364	0.0902082723129589	0.08438921719789505
4	7.983384615384615	0.08094233460420376	0.08947502821683884
5	7.99225	0.07245465726490595	0.10910409688949585
6	8.022	0.065993399669967	0.07065502554178238
7	8.03824	0.059635746758601046	0.21483078598976135
8	8.013806451612902	0.052690003733513166	0.11845627427101135
9	8.003368421052631	0.04795415977031461	0.1057431697845459
10	8.00904347826087	0.04297073654126325	0.050836313515901566
11	8.011272727272727	0.039727819395977804	0.06870587170124054
12	8.00283076923077	0.036257009112981714	0.06543797999620438
13	8.000736842105264	0.03379832263035758	0.07464620471000671
14	7.999590909090909	0.03149468559602776	0.06293968856334686
15	7.995722772277228	0.029293704335072883	0.08574049174785614
16	7.993669565217392	0.02738585741834663	0.3868545889854431
17	8.007907692307692	0.02576508732718947	0.0737551674246788
18	8.009643835616439	0.024267129254732962	0.2948901355266571
19	7.993325153374233	0.023061892808401156	0.22630508244037628
20	8.008596685082873	0.0218363890852974	0.14180895686149597
21	7.99764	0.02082887892979362	0.05789182707667351
22	8.003963636363636	0.01988487712549463	0.05265042185783386
23	7.998688796680498	0.01887779895164082	0.0748245120048523
24	8.004562737642585	0.01817508745542655	0.24538449943065643
25	8.006237762237761	0.017385177750679926	0.09043954312801361
26	8.005935483870967	0.016745739773363716	0.07152730226516724
27	7.998280597014926	0.016108404303617978	0.10305635631084442
28	8.006703601108033	0.01544461814468284	0.10858675837516785
29	8.005010309278351	0.014920799464481953	0.06942752003669739
30	7.997509615384615	0.014392882480509874	0.11532533168792725
31	7.992907865168539	0.01393829716510196	0.05380373075604439
32	8.003233684210526	0.013508935004015142	0.06779449433088303
33	7.999177865612649	0.013066223384519814	0.05384586378931999
34	8.001650557620819	0.01269201102063511	0.2731682360172272
35	7.997569176882662	0.012317462543123414	0.06250347197055817
36	8.00099173553719	0.0119698469807287	0.05063057318329811
37	8.00065	0.011645243448909721	0.07029326260089874
38	8.00096449704142	0.011323674660849093	0.05413604527711868
39	7.9961290322580645	0.010999461221088185	0.06733430922031403
40	7.995691078561918	0.010750937155690183	0.05324143171310425
41	7.999913924050633	0.01046191985284482	0.07861065119504929
42	7.9984	0.010171322922677622	0.07439346611499786
43	7.999641791044776	0.009959010742185328	0.053013820201158524
44	8.003697699890472	0.009707090704609789	0.24680857360363007
45	7.998962343096235	0.009503507541423036	0.06889252364635468
46	8.00284	0.009284526355092085	0.05430935323238373
47	8.00546985645933	0.009081091572976718	0.07502307742834091
48	8.000381301558203	0.008890158163243572	0.05376599729061127
49	7.998678383128295	0.008719150157167146	0.053617049008607864
50	7.999470489038786	0.008538831253948161	0.07540944218635559
