1	0.1458	0.014972516421764245	0.15610085427761078
2	0.1484	0.015082419964979095	0.11850408464670181
3	0.1504	0.015165873268625188	0.5195735692977905
4	0.1492	0.015115913733545849	0.08962758630514145
5	0.1474	0.01504034015572786	0.0007782509201206267
6	0.1516	0.015215498414445711	0.022939307615160942
7	0.1472	0.015031895688834458	0.30369314551353455
8	0.1476	0.015048775099655121	0.5808659791946411
9	0.1392	0.014686117526426103	0.14006635546684265
10	0.1388	0.014668408502629043	0.03869883343577385
11	0.1516	0.015215498414445711	0.23287856578826904
12	0.1502	0.01515756998994232	0.4236462414264679
13	0.1456	0.014963995188451512	3.93123336834833e-05
14	0.1418	0.014800235403533285	0.23258435726165771
15	0.15	0.015149257407543117	0.000564511981792748
16	0.1582	0.01548260210688113	0.00013006853987462819
17	0.1484	0.015082419964979095	0.0014049914898350835
18	0.154	0.015313758519710306	0.012159098871052265
19	0.1516	0.015215498414445711	0.18342839181423187
20	0.1472	0.015031895688834458	0.9677149653434753
21	0.153	0.015272976134336097	0.14437340199947357
22	0.1552	0.015362399812529293	0.00505868112668395
23	0.1456	0.014963995188451512	0.9277318716049194
24	0.157	0.015434759473344571	0.12824276089668274
25	0.147	0.015023441682916736	0.27301979064941406
26	0.139	0.014677268138178849	0.1647929847240448
27	0.1526	0.015256599621147565	0.028908371925354004
28	0.1524	0.015248397686314455	0.027325885370373726
29	0.1506	0.01517416725886465	0.06621851027011871
30	0.1488	0.015099185673406363	0.5825635194778442
31	0.1548	0.015346221945482217	0.33021166920661926
32	0.151	0.015190727434853144	0.4432741701602936
33	0.1398	0.014712604392153009	0.01046606246381998
34	0.155	0.015354315354323033	0.8254220485687256
35	0.1476	0.015048775099655121	0.0034717093221843243
36	0.146	0.014981028002109868	0.014969803392887115
37	0.1494	0.01512426368455668	0.1039496585726738
38	0.1522	0.015240186613030695	0.013600372709333897
39	0.151	0.015190727434853144	0.9655813574790955
40	0.1484	0.015082419964979095	0.018341053277254105
41	0.1454	0.014955464285671643	0.06128251180052757
42	0.1546	0.015338119571838001	0.0013137297937646508
43	0.1538	0.015305620144247668	0.05878876522183418
44	0.1462	0.014989529945932261	0.6509146094322205
45	0.143	0.014852333150047501	0.23321431875228882
46	0.1502	0.01515756998994232	0.1192324087023735
47	0.1406	0.014747777866512636	0.43835917115211487
48	0.1554	0.015370475334224379	0.19665692746639252
49	0.1602	0.015561642843864527	0.11437972635030746
50	0.1556	0.015378541933486412	0.6096053719520569
