1	11.4558	0.03404825176128736	0.13377417623996735
2	11.4508	0.034183663466633596	0.0642547681927681
3	11.4636	0.03358593562787877	5.784488621429773e-06
4	11.4402	0.03361135415302302	0.04392024129629135
5	11.45	0.033736330565134476	0.08840774744749069
6	11.4642	0.033565652801635995	0.0009013614617288113
7	11.4382	0.03349754271584718	0.0005064242868684232
8	11.4596	0.03379145027961906	0.017255624756217003
9	11.4396	0.03335136147145991	0.14288578927516937
10	11.4488	0.033871542746087065	0.07278478890657425
11	11.4478	0.03394311841890732	0.001303812488913536
12	11.4356	0.03360676646153199	0.02845519781112671
13	11.439	0.03404382763438914	0.5538953542709351
14	11.4662	0.03393204397026475	0.04193636029958725
15	11.4462	0.03402337443582085	0.14379125833511353
16	11.4494	0.0336492399914174	0.07110154628753662
17	11.4536	0.03369220491448985	0.021442798897624016
18	11.4716	0.033556939550560626	0.006965849548578262
19	11.4488	0.03402001481481129	0.19496743381023407
20	11.4474	0.03299545168655762	0.19267727434635162
21	11.4554	0.03390957846980753	0.002709965920075774
22	11.458	0.03450485183274979	0.21845003962516785
23	11.4576	0.034357590602369446	0.0021148815285414457
24	11.4434	0.03415250491545202	0.005031436216086149
25	11.4624	0.03392484682353021	0.0008227257640101016
26	11.442	0.0343479955747059	0.0014387982664629817
27	11.4368	0.03387757913428842	0.24844598770141602
28	11.452	0.03434432704246783	0.5330566167831421
29	11.4578	0.03429510880577501	0.0011689746752381325
30	11.4464	0.034266436523221665	0.5414365530014038
31	11.4564	0.03403906978752432	0.1170291155576706
32	11.4424	0.033468015059158474	0.07747699320316315
33	11.4292	0.034083680082995754	0.028447475284337997
34	11.4826	0.03422886255778902	0.04477567970752716
35	11.4414	0.03360444720568986	0.2695215344429016
36	11.449	0.03462886368334963	0.9937366247177124
37	11.4222	0.03369487925486597	0.03114648535847664
38	11.4406	0.03330058485972885	0.6013714075088501
39	11.4572	0.03442996787683626	0.0015588320093229413
40	11.4608	0.03423848781707514	0.2830244302749634
41	11.4722	0.03436348189575618	0.5933060646057129
42	11.4468	0.03374886024742174	0.1053071990609169
43	11.4396	0.03369500425879151	0.6056943535804749
44	11.4484	0.03357152650684825	0.0786924660205841
45	11.4656	0.03390973240826339	0.0008745605009607971
46	11.4512	0.03395222243093964	0.008548513986170292
47	11.4604	0.03378250008510263	0.11043088138103485
48	11.4456	0.0334561377328582	0.35963836312294006
49	11.456	0.034080422532591866	0.14268700778484344
50	11.4504	0.03361981130226593	7.984181138454005e-05
