1	13.6974	0.028480516708795922	0.00040839685243554413
2	13.7172	0.02792496173676814	0.14089436829090118
3	13.6844	0.02827001860629013	0.1466524600982666
4	13.693	0.02862292437889604	0.1831681877374649
5	13.7036	0.028767076180939787	0.3412114977836609
6	13.705	0.028128899729638102	0.490304172039032
7	13.6818	0.02881714364748762	4.047817492391914e-05
8	13.6964	0.02845502894041672	0.10160249471664429
9	13.7072	0.028304110796843796	0.04349614679813385
10	13.7188	0.02829960791247819	0.001877231989055872
11	13.684	0.02862899229801924	0.0023499783128499985
12	13.6904	0.02912775501132875	0.0038735768757760525
13	13.7032	0.02858386901733085	0.17560617625713348
14	13.6916	0.028196471268583583	9.871324436971918e-05
15	13.6954	0.028442115111222622	0.02436230145394802
16	13.698	0.028308175497547817	0.027420468628406525
17	13.7092	0.028353900049200097	0.9605324864387512
18	13.6928	0.028220040538596607	0.0005598876159638166
19	13.682	0.028601692257626987	7.18854644219391e-05
20	13.6926	0.028640346226957082	0.07150258123874664
21	13.7042	0.028444757829870767	0.043169453740119934
22	13.693	0.028230334748281464	1.1575259122764692e-05
23	13.6882	0.028415583189510603	0.23155906796455383
24	13.703	0.029196982720823217	0.776151716709137
25	13.6766	0.029061699743820234	8.267763860203559e-07
26	13.6942	0.02926765190444917	0.19144976139068604
27	13.6838	0.02888168291495527	0.9503769278526306
28	13.6896	0.028789117944111847	0.387530118227005
29	13.714	0.028630878435702545	0.06877617537975311
30	13.7098	0.027677628655649322	0.08652857691049576
31	13.6858	0.02853245604570282	0.004458309151232243
32	13.7098	0.028434681781234157	0.7453274726867676
33	13.6882	0.028579806997248977	0.09242135286331177
34	13.7024	0.028149984582587967	0.1423514485359192
35	13.6942	0.028304689505451362	0.018184788525104523
36	13.7108	0.028243477972799302	0.5233845114707947
37	13.7004	0.027737911096548155	0.06796609610319138
38	13.7148	0.02785515621927103	0.1558455377817154
39	13.6804	0.028022500102595254	0.001074381871148944
40	13.692	0.028635027501296224	0.1757197231054306
41	13.6938	0.028233221707768475	0.16399842500686646
42	13.6956	0.02826186745422137	0.7858256101608276
43	13.7112	0.028441346803553508	4.7496658339696296e-07
44	13.7054	0.028200345955325258	0.24085620045661926
45	13.699	0.027717110238984693	0.07492554932832718
46	13.7048	0.028876677925272855	0.001388798002153635
47	13.699	0.028435157815633584	0.000330015376675874
48	13.6996	0.02874243747492565	0.04763233661651611
49	13.681	0.028788716539645626	0.00015557956066913903
50	13.7028	0.02825968662246646	0.5614898800849915
