1	1.761	0.03427567942433819	0.11268045753240585
2	1.7528	0.03381605961669692	0.32204243540763855
3	1.7624	0.0343299174481967	0.0026246418710798025
4	1.7266	0.033681662548039414	0.19498439133167267
5	1.7568	0.034791044364893685	0.06883431226015091
6	1.7654	0.03403546844102487	2.784097523544915e-05
7	1.7554	0.03318956932531664	0.03301195055246353
8	1.7448	0.03412288569274293	0.0008472474873997271
9	1.7548	0.033489379331364144	3.6019621347804787e-06
10	1.7664	0.034200816832350656	0.1273701936006546
11	1.7502	0.034221045103853855	0.562707245349884
12	1.754	0.03368250584502287	0.0006192887085489929
13	1.7498	0.03379230575145768	0.00034389979555271566
14	1.7538	0.03370658701203667	0.08154270797967911
15	1.7606	0.033975252052045185	0.07207883894443512
16	1.7506	0.03378164223361559	0.10702509433031082
17	1.7468	0.033863868178340174	0.003195418743416667
18	1.7604	0.03392499538688252	0.1688128262758255
19	1.756	0.03415428523626281	0.31055524945259094
20	1.7398	0.0333444557310507	0.06718528270721436
21	1.7374	0.033772092502538244	0.0007286534528248012
22	1.7608	0.033802515409359704	0.0007654705550521612
23	1.768	0.034409254569083586	0.0003390753990970552
24	1.759	0.034460037724877796	0.4584677219390869
25	1.7656	0.03452625018735744	0.0003034812107216567
26	1.74	0.03366422433385329	0.28841596841812134
27	1.7408	0.03367532699173091	0.007480387110263109
28	1.758	0.03411663523854602	0.00013849422975908965
29	1.7774	0.03388404686574495	0.0120506277307868
30	1.762	0.03433541611805512	0.6303005218505859
31	1.744	0.03394282251080485	0.9987753033638
32	1.7432	0.033300101621466544	0.0025356411933898926
33	1.748	0.03403898940920544	0.0011727837845683098
34	1.7722	0.03430791290650016	0.05147505924105644
35	1.7446	0.033378848272521335	0.789829671382904
36	1.7562	0.033791283017961894	0.09413392841815948
37	1.733	0.03354936363032836	0.0016742213629186153
38	1.7418	0.03387563974303659	0.21195606887340546
39	1.7684	0.034476812381657326	0.015364132821559906
40	1.748	0.033816161816504244	0.11781089007854462
41	1.7666	0.033688929813812725	0.347318172454834
42	1.7332	0.03365400374398266	0.009341936558485031
43	1.7416	0.03354717561882072	0.2660679817199707
44	1.7344	0.033445806194499196	0.28790438175201416
45	1.7472	0.033869246935826595	0.06644716113805771
46	1.7484	0.03450645435277291	0.007968188263475895
47	1.7608	0.03374922292438747	0.12482310831546783
48	1.7436	0.03347814618523552	0.031904757022857666
49	1.7556	0.034505703180778675	0.5232819318771362
50	1.758	0.033627738550190966	0.08613277971744537
