1	12.3744	0.046927223996311926	0.32235220074653625
2	12.3458	0.047065063985933575	0.21878257393836975
3	12.3598	0.04650568920035446	0.3834913671016693
4	12.3618	0.0465860640964653	0.11300051212310791
5	12.3424	0.0472814131768498	0.19374094903469086
6	12.3406	0.04707212499983374	0.5460287928581238
7	12.346	0.04679776917760051	0.2642586827278137
8	12.3646	0.047632345228846726	0.34819936752319336
9	12.3514	0.04682149583257674	0.38720881938934326
10	12.3648	0.04733009325999664	0.06014315038919449
11	12.3516	0.04751714839928869	0.2562153935432434
12	12.3782	0.04713657357084847	0.12884749472141266
13	12.3924	0.046923342080461644	0.11434833705425262
14	12.3628	0.046868721851571774	0.2694767415523529
15	12.3182	0.04704070331106923	0.12380317598581314
16	12.3252	0.04703489053883263	0.2085580676794052
17	12.355	0.04678028430866964	0.08742960542440414
18	12.37	0.04681345960298173	0.13918496668338776
19	12.3586	0.04685393123314259	0.8661841154098511
20	12.37	0.0472345212741702	0.21992576122283936
21	12.3496	0.04733121287269111	0.009075500071048737
22	12.346	0.04713503155827896	0.05743285268545151
23	12.3554	0.047454857622798025	0.3270842134952545
24	12.3366	0.0465241957695132	0.39131924510002136
25	12.3374	0.047243308859562044	0.25024285912513733
26	12.3378	0.04686324879903246	0.038321975618600845
27	12.3268	0.046892250617772635	0.7801716327667236
28	12.3612	0.047204684174348886	0.0609416626393795
29	12.3584	0.04734204254148748	0.16502967476844788
30	12.3458	0.047179659261168586	0.22949382662773132
31	12.345	0.04712913111866138	0.46500635147094727
32	12.3452	0.047107393559822165	0.5211032032966614
33	12.364	0.04712013582323345	0.0013455511070787907
34	12.3162	0.04717956769619633	0.11012104153633118
35	12.3554	0.04728005406088273	0.11235962063074112
36	12.3286	0.04818381130628815	0.960326611995697
37	12.3668	0.048027325222211176	0.45275282859802246
38	12.3258	0.04757160758267513	0.21876725554466248
39	12.3336	0.046805981156258065	0.06829245388507843
40	12.3464	0.047646329050620786	0.8630356788635254
41	12.3526	0.04690513652042798	0.0704079195857048
42	12.3458	0.04758991750360557	0.07703147828578949
43	12.3602	0.047948521645614195	0.21517066657543182
44	12.3868	0.04763837075299762	0.0074097472243011
45	12.3396	0.047484832441528194	0.0804128423333168
46	12.3756	0.047193054065190504	0.05639011785387993
47	12.3566	0.04740069189368387	0.05409635975956917
48	12.3744	0.04743842695537079	0.08427932858467102
49	12.3488	0.04723525598533365	0.18170632421970367
50	12.357	0.04737247935246826	0.2472628504037857
