1	0.1824	0.016383968749970196	0.9975908398628235
2	0.1798	0.016292621888449998	0.7880116105079651
3	0.1892	0.01661704089180742	0.05036952346563339
4	0.1856	0.01649468859966747	0.07397449016571045
5	0.1828	0.016397911086476837	0.3304298520088196
6	0.1816	0.016355995597945115	0.5074470043182373
7	0.185	0.016474070535238097	0.008519735187292099
8	0.1822	0.016376986535990068	0.08583483099937439
9	0.1818	0.016362999969443258	0.8244518637657166
10	0.1842	0.016446478285639148	0.12916715443134308
11	0.181	0.016334938016411327	0.8221163749694824
12	0.1796	0.01628554303669362	0.8955171704292297
13	0.182	0.01636999694563197	0.3772420585155487
14	0.182	0.01636999694563197	0.14939872920513153
15	0.19	0.01664391780801624	0.3372110426425934
16	0.1808	0.016327903968360424	0.8429967164993286
17	0.188	0.016576513505559606	0.9569236636161804
18	0.1936	0.01676348030690525	0.18236957490444183
19	0.1892	0.01661704089180742	0.05506026744842529
20	0.1816	0.016355995597945115	0.23625443875789642
21	0.1832	0.016411824030253312	0.17018431425094604
22	0.1754	0.01613513904495403	0.7779355049133301
23	0.1886	0.0165968090909066	0.9983659386634827
24	0.198	0.016906590430953248	0.12364588677883148
25	0.1742	0.016091545854889144	0.09900498390197754
26	0.1846	0.016460288940355818	0.4543367326259613
27	0.177	0.016192831747412186	0.3554303050041199
28	0.1912	0.016684022536546755	0.3120909333229065
29	0.1786	0.016250036061498448	0.06523402035236359
30	0.187	0.016542545148797386	0.20376145839691162
31	0.1868	0.016535730041337758	0.0567009299993515
32	0.183	0.01640487122777866	0.05419616773724556
33	0.1798	0.016292621888449998	0.12597374618053436
34	0.1922	0.016717251209454262	0.5429553985595703
35	0.1918	0.016703980603437016	0.20699608325958252
36	0.1842	0.016446478285639148	0.0672309622168541
37	0.1942	0.01678318944658613	0.08730506896972656
38	0.1954	0.016822422893269566	0.05061602219939232
39	0.183	0.01640487122777866	0.1359371840953827
40	0.1842	0.016446478285639148	0.9005414843559265
41	0.1858	0.016501546836584745	0.1185620054602623
42	0.1886	0.0165968090909066	0.7160788774490356
43	0.1808	0.016327903968360424	0.7790451645851135
44	0.1794	0.016278456683604867	0.06923973560333252
45	0.178	0.01622864134793791	0.059012800455093384
46	0.1802	0.016306757127031727	0.5201737880706787
47	0.181	0.016334938016411327	0.7735020518302917
48	0.1858	0.016501546836584745	0.048349443823099136
49	0.1908	0.016670682289576515	0.1504077911376953
50	0.1856	0.01649468859966747	0.35848236083984375
