1	0.34049021825396825	0.0014336677536502063	0.1676982194185257
2	0.3403116666666667	0.0014267447678571288	0.017684634774923325
3	0.3406380158730159	0.0014382595350369506	0.005458079744130373
4	0.3400594841269841	0.0014113525796278267	0.4600997269153595
5	0.3408050198412699	0.0014179102636561957	0.0013569339644163847
6	0.3400649007936508	0.0014286917790473155	0.0005033387569710612
7	0.3409226984126984	0.001437010584137397	0.06687814742326736
8	0.34002458333333335	0.001432562238668176	0.015314016491174698
9	0.3394837301587302	0.0014318513710016934	0.11778978258371353
10	0.3403567658730159	0.0014409594468398092	0.18207289278507233
11	0.3400336507936508	0.0014108483112906362	0.008887297473847866
12	0.34009863095238096	0.0014409378151898785	0.3292142152786255
13	0.3399168055555556	0.0014386081600047075	9.212294389726594e-05
14	0.3405136706349206	0.0014423862131930929	0.17991164326667786
15	0.34005771825396824	0.0013992323992814205	0.00035652457154355943
16	0.3404993055555556	0.0014238665823530171	0.023469192907214165
17	0.33980857142857146	0.0014135539864175437	0.11588042974472046
18	0.33982761904761905	0.0014137890679044329	0.08336200565099716
19	0.34037396825396826	0.0014446441660519588	0.03125597909092903
20	0.34036799603174606	0.0014419317984425608	0.003262060461565852
21	0.3402916468253968	0.0014547253196628763	0.08478289097547531
22	0.33992748015873014	0.0014295583783153964	0.052316900342702866
23	0.34063206349206354	0.0014342889906763744	0.024228742346167564
24	0.34086791666666666	0.0014448901011156591	0.1779719740152359
25	0.3399005158730159	0.001451561082458555	0.6600088477134705
26	0.3403893253968254	0.001440110678517572	0.32161945104599
27	0.3407937896825397	0.0014302253969385552	0.20608560740947723
28	0.34006736111111113	0.0014332275953164468	0.003073151456192136
29	0.34045505952380956	0.0014388154709514933	0.028624610975384712
30	0.34078505952380955	0.0014187351079839505	0.0032500021625310183
31	0.3405591666666667	0.0014761146127962102	0.4326327443122864
32	0.33920259920634915	0.0014340975575175565	0.03757796436548233
33	0.3412215674603174	0.0014383526273307394	0.0001074718456948176
34	0.3403433928571429	0.0014262465528642326	0.02779563143849373
35	0.3405988888888889	0.0014238950787880448	0.043090179562568665
36	0.34001771825396826	0.001437161101121766	0.31146129965782166
37	0.3406707341269841	0.0014536818059411895	0.1733185052871704
38	0.34025248015873016	0.0013939215431824099	0.007646928541362286
39	0.34003533730158736	0.0014217513868893085	0.00040410872315987945
40	0.3393668055555556	0.0014133243589652023	0.004065788816660643
41	0.3404456944444444	0.001437454259015704	0.19743818044662476
42	0.34080849206349206	0.0014425389781849123	0.012191819958388805
43	0.3408350396825397	0.001413690949023478	0.32646557688713074
44	0.3405686507936508	0.0014417497455516248	0.06659197807312012
45	0.34020083333333334	0.0014480353340780901	0.17167693376541138
46	0.3401174603174603	0.0014532857675312288	0.03348519280552864
47	0.34021751984126986	0.001407661915695481	0.0006850671488791704
48	0.3399292658730159	0.0014392821142415546	0.012479227036237717
49	0.3409229166666667	0.0014310056517337871	0.07790675014257431
50	0.34065623015873014	0.0014519985500004925	0.000465977966086939
