1	16.4784	0.06751977630294642	0.0005060244584456086
2	16.5022	0.06856290023037287	0.0032834026496857405
3	16.5068	0.06879823230287271	0.2790042757987976
4	16.4858	0.0687804990386083	0.009908112697303295
5	16.5208	0.06826786394783389	0.03245582431554794
6	16.4788	0.06841513727239074	0.04365793615579605
7	16.5168	0.06892062077491792	0.8856266140937805
8	16.5114	0.06861899206488034	0.00019383699691388756
9	16.5338	0.06963177154144533	0.000553821912035346
10	16.5158	0.06784180604907313	0.07460616528987885
11	16.498	0.068589159493319	0.0003569189284462482
12	16.5018	0.06978591668811111	0.037355951964855194
13	16.519	0.06789867598120086	0.05082550272345543
14	16.4578	0.0688749191505881	0.07279219478368759
15	16.5006	0.06815745998788406	0.03980103135108948
16	16.4962	0.06733894867014087	0.07962379604578018
17	16.4882	0.06936504428024245	0.5358820557594299
18	16.4832	0.0687375586415464	0.024763699620962143
19	16.4908	0.06923068429533241	1.66315512615256e-05
20	16.4888	0.06908960998587209	6.574638246092945e-05
21	16.5224	0.06940185034997168	0.07915932685136795
22	16.559	0.06824876702182969	0.06385722756385803
23	16.5134	0.06926064388958537	0.08391458541154861
24	16.5188	0.06776078370267014	7.873038157413248e-06
25	16.5244	0.0695146628561202	0.3106203079223633
26	16.5022	0.06904948434275335	0.7506393194198608
27	16.4642	0.06957307703415104	0.057986095547676086
28	16.4972	0.06924208177113116	0.7221540212631226
29	16.4664	0.06924830591429669	0.019830839708447456
30	16.4868	0.06846083820696408	0.11756177991628647
31	16.5114	0.06864521885754335	0.0002531502104829997
32	16.5054	0.06807780484122465	0.7291191816329956
33	16.5024	0.06865209124272892	0.039454326033592224
34	16.5092	0.06910056185010369	0.005420873407274485
35	16.5132	0.06862890329882779	0.9344302415847778
36	16.5038	0.06778122164729779	0.5734836459159851
37	16.5022	0.06941348059274993	0.043613262474536896
38	16.5292	0.06858327236287322	0.026832399889826775
39	16.5058	0.06944421824745398	0.110355444252491
40	16.5276	0.06781378054643517	1.8465281755197793e-05
41	16.4902	0.06788628085261408	0.7040543556213379
42	16.5036	0.06854178777942722	0.0011169302742928267
43	16.4794	0.06802496712237383	0.07343533635139465
44	16.4936	0.0688924253601216	0.23866680264472961
45	16.478	0.06821443249049242	0.21202512085437775
46	16.4668	0.06845915547244269	7.884871592978016e-05
47	16.504	0.06989399974246693	0.4165702164173126
48	16.4998	0.06902868916617162	0.003261512378230691
49	16.4924	0.0692726210851018	0.00028189687873236835
50	16.423	0.06894612244354362	0.06233081594109535
