1	0.5728765674603176	0.00337393317738065	0.010181143879890442
2	0.5706452976190476	0.003352182689689823	0.037760719656944275
3	0.570812638888889	0.0033320007611835015	0.17304393649101257
4	0.5707571428571429	0.003365847057319342	3.4057002267218195e-06
5	0.570807996031746	0.0033607974149966052	0.8667615056037903
6	0.5700136706349207	0.003365573104905109	0.09981206059455872
7	0.5711942460317461	0.0033765607432949393	0.05675853416323662
8	0.5720965476190477	0.0033539392421360766	0.10904493927955627
9	0.5705539880952382	0.003377439804986714	0.1261005848646164
10	0.5715957936507935	0.0033270694513889195	0.06039407104253769
11	0.570374126984127	0.0033460102412613386	0.0001274797396035865
12	0.5713821825396825	0.0033485702745944448	0.1936454176902771
13	0.5698215873015873	0.003417698013613301	0.07589106261730194
14	0.5714163492063492	0.0033781842877525633	0.3180325925350189
15	0.5696911904761904	0.0033695669006992644	0.01570710353553295
16	0.5718800793650793	0.00335138578836077	0.1621498167514801
17	0.5727460119047618	0.003321144130144193	0.4960576593875885
18	0.5686382936507937	0.00335230852354077	0.4237138330936432
19	0.5720444047619048	0.0033806623264408826	0.7131233215332031
20	0.5718240674603173	0.003361196565865711	0.0009939835872501135
21	0.5706795634920635	0.0033623330064893563	0.03410369157791138
22	0.5712328373015872	0.003342269477663396	0.034274619072675705
23	0.5727352380952381	0.0033289636981524606	0.14634154736995697
24	0.5698902976190476	0.003391513046124761	0.0051292236894369125
25	0.5709040079365079	0.003364411261912413	0.4244339168071747
26	0.5716562301587301	0.003356426411364693	0.000413216941524297
27	0.5694817261904762	0.0033719058698702974	0.08413603901863098
28	0.571320615079365	0.003379341282859249	0.057936038821935654
29	0.5707983333333334	0.0033910634803838453	0.0004626491281669587
30	0.5696336507936508	0.003378042461559281	0.009117194451391697
31	0.5697308531746031	0.003330480262392386	0.05467253178358078
32	0.5708386507936508	0.0034240248415406418	0.009895645081996918
33	0.5722443452380952	0.0033472548754296897	0.12169989198446274
34	0.56932751984127	0.0033840185383557783	0.06562122702598572
35	0.5709104960317459	0.0033572586068655102	0.1460752636194229
36	0.5716919841269841	0.003344128745246617	0.009805075824260712
37	0.5702063293650793	0.0033816289157752597	0.054020870476961136
38	0.570628392857143	0.0033500457326259003	0.0570748895406723
39	0.5697220039682539	0.0033387063947526467	0.06252507120370865
40	0.5710434722222222	0.0033801697152987527	0.932386040687561
41	0.5719809126984126	0.0033468726175124473	0.07601527124643326
42	0.5716290476190476	0.003327764881077103	0.015664713457226753
43	0.5727716071428571	0.003369508795446315	0.38219088315963745
44	0.5725135317460317	0.0033310316563284256	0.05351492390036583
45	0.5715409523809524	0.0033494648012999716	0.03641533479094505
46	0.5708259325396825	0.0033765549921882616	0.16286194324493408
47	0.572397996031746	0.0033342033604289267	0.13196024298667908
48	0.5698078571428572	0.003346128189723666	0.19017602503299713
49	0.5703831746031747	0.0033388291391303828	0.00017695131828077137
50	0.5704849007936508	0.0033650089031083312	0.0003049473452847451
