1	1.6384	0.028827826556991766	0.3760121166706085
2	1.6476	0.02866306445584632	0.07260823249816895
3	1.64	0.027459722570273085	0.11426936089992523
4	1.629846153846154	0.02540902194092754	0.9729547500610352
5	1.648	0.02265427112047529	0.45085135102272034
6	1.6422	0.020337219278947636	0.2354273647069931
7	1.6392	0.0182235462630082	0.7159284353256226
8	1.6381935483870969	0.016375130193651916	0.1071845144033432
9	1.638	0.014791903902224079	0.08432619273662567
10	1.6371304347826088	0.013451223298845004	0.32870182394981384
11	1.6424	0.012262285594455864	0.17857468128204346
12	1.6397538461538461	0.011297977388397015	0.1496223509311676
13	1.6418947368421053	0.010434741953051243	0.26546159386634827
14	1.6367727272727273	0.009727278862862057	0.07299546152353287
15	1.6373465346534652	0.009076622926683391	0.13618184626102448
16	1.6420173913043479	0.008482164500427467	0.07738176733255386
17	1.6393846153846154	0.00799066255257539	0.05304265394806862
18	1.6372328767123288	0.0075498421247093975	0.1255786418914795
19	1.6414969325153375	0.007126908419992724	0.7402421236038208
20	1.645303867403315	0.006747180422050933	0.10944969207048416
21	1.63752	0.006449487183334811	0.12211164087057114
22	1.6396181818181819	0.006141603092104424	0.05646371841430664
23	1.6382904564315353	0.005872619845488065	0.36167800426483154
24	1.641657794676806	0.00561014510546936	0.07949552685022354
25	1.6384335664335665	0.005390389439542835	0.08368004113435745
26	1.6406193548387096	0.00517068133453037	0.1532420963048935
27	1.6421253731343284	0.0049694029850170865	0.09578306972980499
28	1.6390914127423823	0.0047959842505984505	0.06852587312459946
29	1.641340206185567	0.004619776532104714	0.4865979254245758
30	1.6415096153846154	0.004461130482356293	0.13233761489391327
31	1.6374651685393258	0.004323887084916873	0.18283122777938843
32	1.6366736842105263	0.004187080617326431	0.13607235252857208
33	1.6405217391304348	0.004047429055142248	0.12533038854599
34	1.6396133828996282	0.0039273825954240045	0.484745591878891
35	1.638907180385289	0.0038138315488848175	0.10614117234945297
36	1.6412363636363636	0.003699873222113028	0.059752561151981354
37	1.6407625	0.0035983271003201525	0.1162545382976532
38	1.6390236686390534	0.003504900859602236	0.20989041030406952
39	1.641273492286115	0.003408080656878586	0.2100898027420044
40	1.6382796271637816	0.003326773689613834	0.06429919600486755
41	1.6382379746835443	0.0032436987492195897	0.08890879154205322
42	1.6403614457831326	0.0031605154229940443	0.05532362684607506
43	1.6385947187141217	0.0030885318301219038	0.15014100074768066
44	1.6377918948521357	0.0030181056732759277	0.1051299199461937
45	1.6376276150627616	0.002949737777260763	0.05473863705992699
46	1.640236	0.002879586622233128	0.16692936420440674
47	1.6412708133971292	0.0028151218560240328	0.06751462072134018
48	1.6393217231897341	0.0027584086041768105	0.1325523555278778
49	1.6395043936731106	0.0027005478304559364	0.3107728660106659
50	1.6410286677908938	0.0026428804318839004	0.10153357684612274
