1	38.2234	0.19739859774578075	0.25239843130111694
2	38.1784	0.19055726748670476	0.12611085176467896
3	38.1474	0.1934238140250586	0.6638277173042297
4	38.3148	0.19813677530433468	0.6553037762641907
5	38.135	0.19691326770941653	0.08809010684490204
6	38.1328	0.19443316457847337	0.03667426109313965
7	38.222	0.1987328075582896	0.05491925776004791
8	38.1704	0.195685397799632	0.5643703937530518
9	38.2918	0.19594503047538567	0.12036196142435074
10	38.32	0.1954655979961697	0.10965093225240707
11	38.221	0.19495734456542246	0.08901536464691162
12	38.2184	0.19407148835416255	0.16588851809501648
13	38.3208	0.19898612325486484	0.08243893086910248
14	38.1402	0.19461906157414333	0.19714054465293884
15	38.1174	0.19834886193774665	0.20643916726112366
16	38.1812	0.19828328171583337	0.09411823749542236
17	38.1794	0.19483107594015894	0.0009992189006879926
18	38.1726	0.19391053770231165	0.8737104535102844
19	38.1262	0.197402159076339	0.08411937952041626
20	38.2226	0.19465469075262415	0.13971807062625885
21	38.1628	0.19597462358173	0.02118668146431446
22	38.1148	0.19765980301517916	0.17133869230747223
23	38.1514	0.1940444806532753	0.15348167717456818
24	38.159	0.19888764215003416	0.3729555010795593
25	38.1724	0.19330933974332298	0.10477697104215622
26	38.158	0.1942788326092164	0.28119251132011414
27	38.158	0.1958254957864269	0.874356210231781
28	38.0696	0.19959158427148138	0.594304621219635
29	38.0866	0.1984735266779943	0.11114078760147095
30	38.2156	0.19724910634017986	0.04062192142009735
31	38.1458	0.19618322111740333	0.5285349488258362
32	38.1624	0.1937434572624337	0.05686086416244507
33	38.248	0.1981912530865088	0.21952278912067413
34	38.1706	0.19978781782681293	0.6423870325088501
35	38.197	0.1969288800557195	0.11368381977081299
36	38.178	0.19299453049244802	0.0410693921148777
37	38.118	0.19628381695901384	0.08345375955104828
38	38.1816	0.1984677268273096	0.07862133532762527
39	38.2914	0.1998607386957219	0.010734976269304752
40	38.1406	0.19889991692305983	0.0700044259428978
41	38.0022	0.19625685029572798	0.11692840605974197
42	38.1818	0.19481044060316632	0.005726464092731476
43	38.18	0.19743738247859782	0.2472592294216156
44	38.2094	0.19501362247801968	0.12855756282806396
45	38.2286	0.19620248640626367	0.22621199488639832
46	38.0722	0.19819348346502114	0.37377306818962097
47	38.1674	0.19747283112367664	0.6274546980857849
48	38.2406	0.1938878050626185	0.14998486638069153
49	38.3234	0.19537170315068703	0.026658091694116592
50	38.1384	0.1958503556085623	0.9974302649497986
