1	39.558	0.22933753465143897	0.08728153258562088
2	39.4318	0.233606394963836	0.5719323754310608
3	39.5366	0.23154971127600216	0.05778350308537483
4	39.647	0.22895637968835902	0.043877147138118744
5	39.4938	0.23424433997004068	1.3923353435529862e-05
6	39.5464	0.23216297007059566	0.02179199829697609
7	39.4038	0.23169769530144313	0.1280907690525055
8	39.476	0.2328085977793777	0.5298291444778442
9	39.4632	0.2372066659434336	0.022648220881819725
10	39.455	0.23199748921055197	0.009451797232031822
11	39.5482	0.23617937710138853	0.0009169102413579822
12	39.5706	0.2347871975896476	0.7703269124031067
13	39.5646	0.23630795228260962	0.35121387243270874
14	39.5642	0.23272065023972413	0.49359098076820374
15	39.464	0.2337071398139135	0.26986047625541687
16	39.4662	0.23504864094055133	0.16040456295013428
17	39.59	0.23203443709932203	0.09748714417219162
18	39.5742	0.23345511313312534	0.2610682249069214
19	39.5028	0.23543862446081334	0.005783103872090578
20	39.4186	0.23367582945610846	0.003739402862265706
21	39.3996	0.2334652344825669	0.010106945410370827
22	39.5576	0.23382409634594958	0.17890699207782745
23	39.617	0.23093496876826666	0.03375329077243805
24	39.4556	0.2286386921586113	0.0005142834852449596
25	39.5294	0.2325723202618912	0.9586969017982483
26	39.4114	0.23499997887659507	0.08167964220046997
27	39.4542	0.23411036766448418	0.0032133343629539013
28	39.4838	0.23439404345673903	0.8515634536743164
29	39.594	0.2343411513157684	0.06762979179620743
30	39.5248	0.23601968758559155	0.09404409676790237
31	39.4478	0.23288532647635818	0.0001041310970322229
32	39.4748	0.234656636232602	0.4653865098953247
33	39.4778	0.2330870929245108	0.0028577784541994333
34	39.5058	0.23150814121321897	0.012602168135344982
35	39.6462	0.23226210626789684	0.00036550924414768815
36	39.444	0.23631342577179004	0.2653493881225586
37	39.518	0.23885304435991522	0.20580707490444183
38	39.4498	0.23556813011950384	0.7407520413398743
39	39.4556	0.23442280510223473	0.10902039706707001
40	39.5074	0.22997595837826298	0.00011865958367707208
41	39.2968	0.2360735427107422	0.3496074676513672
42	39.5196	0.23129831065531078	0.0019597585778683424
43	39.5742	0.23454741492500003	0.15321753919124603
44	39.4562	0.23458419982598916	0.06054816395044327
45	39.489	0.2333879649853441	0.07743659615516663
46	39.434	0.23612132305236752	0.26870012283325195
47	39.492	0.233855093594303	0.5639067888259888
48	39.5232	0.23022439307770914	0.11632338166236877
49	39.424	0.2307693289845945	0.01773495227098465
50	39.4612	0.2339588216075651	0.001705873291939497
