1	11.5088	0.09894584991802285	0.21602295339107513
2	11.5012	0.0970220326317687	0.07329922169446945
3	11.527636363636363	0.09423206573067808	0.0647149384021759
4	11.525846153846153	0.08580311041530708	0.11082850396633148
5	11.518	0.07700094804611135	0.059578895568847656
6	11.5068	0.06787103040325802	0.1695682406425476
7	11.48768	0.061600199945649844	0.06463944166898727
8	11.503612903225806	0.05572768478953981	0.06319373846054077
9	11.484315789473683	0.04988940316525041	0.0816417708992958
10	11.508173913043478	0.04485001974609851	0.08249810338020325
11	11.48109090909091	0.04137096855548155	0.07702601701021194
12	11.505907692307693	0.03840795754599288	0.08002058416604996
13	11.494052631578947	0.035446340841055426	0.07612863928079605
14	11.529136363636363	0.03278441704007272	0.05449754372239113
15	11.501227722772278	0.030699128305576306	0.06067246198654175
16	11.482747826086957	0.02880017824552374	0.054747264832258224
17	11.487907692307692	0.026973477738494397	0.06933867186307907
18	11.485726027397261	0.02547939415728372	0.0871182382106781
19	11.49722699386503	0.024026541083019538	0.06701022386550903
20	11.494850828729282	0.022829485551568968	0.05117315053939819
21	11.51098	0.02172463806667451	0.07411310076713562
22	11.495454545454546	0.020739388585927578	0.07172896713018417
23	11.500946058091285	0.01979642620874197	0.09738929569721222
24	11.482190114068441	0.018905412825329274	0.05315263569355011
25	11.508	0.01817477978883479	0.06456512957811356
26	11.485767741935485	0.017557102752009206	0.10918030142784119
27	11.504429850746268	0.01673467961454077	0.05714692175388336
28	11.499401662049861	0.016249322436373413	0.06396842747926712
29	11.502463917525773	0.015599694983928485	0.06069783493876457
30	11.492240384615384	0.01506265772436233	0.06210152804851532
31	11.508719101123596	0.014529353180900572	0.05629977583885193
32	11.500522105263158	0.014085642809501819	0.059203241020441055
33	11.499691699604742	0.013706258158645481	0.09908490628004074
34	11.505011152416357	0.01326913771674786	0.08379563689231873
35	11.509043782837129	0.012823228645259692	0.061849821358919144
36	11.497051239669421	0.012481836827195902	0.06944543123245239
37	11.50026875	0.01214438510947573	0.0549425333738327
38	11.500934911242604	0.011858491099652643	0.07859524339437485
39	11.50408415147265	0.011504703905310484	0.05880022421479225
40	11.501123834886817	0.011233502928866858	0.1418723464012146
41	11.502040506329115	0.010936162198109356	0.06673640757799149
42	11.499373493975904	0.010662872795439133	0.06500669568777084
43	11.493579793340988	0.010416493726204274	0.14040525257587433
44	11.496898138006571	0.01019034763185642	0.06069141626358032
45	11.494493723849372	0.009955112560685807	0.08554975688457489
46	11.502952	0.009703065406615353	0.059213556349277496
47	11.50742966507177	0.00949944876898547	0.0670570358633995
48	11.504	0.009292651216340396	0.054278414696455
49	11.49802460456942	0.00910864486354988	0.05722783878445625
50	11.500047217537942	0.008926150662765885	0.06571938842535019
