1	14.6992	0.11212006821260898	0.1262141913175583
2	14.75	0.1144019230607599	0.06296312808990479
3	14.73309090909091	0.10300913771259054	0.5927043557167053
4	14.712615384615384	0.09876311743509529	0.77594393491745
5	14.70775	0.08640755093957299	0.062149275094270706
6	14.6758	0.07930327766240164	0.7929131984710693
7	14.66752	0.0703770797307192	0.08186015486717224
8	14.700516129032257	0.06334433674462767	0.29174259305000305
9	14.74978947368421	0.05713280889951261	0.14611025154590607
10	14.717130434782609	0.05238532729673301	0.2707364857196808
11	14.72850909090909	0.04761641330617264	0.8584880828857422
12	14.676246153846154	0.04378138608074865	0.07262035459280014
13	14.683421052631578	0.04112688960992249	0.09668903797864914
14	14.694863636363637	0.03773076589299862	0.16361013054847717
15	14.69508910891089	0.03525400806867575	0.1141824945807457
16	14.698086956521738	0.03288883820599806	0.05973018705844879
17	14.694	0.031011789626817422	0.11887307465076447
18	14.703890410958904	0.02914479840728674	0.09312250465154648
19	14.70314110429448	0.027567372061504364	0.05929980054497719
20	14.71228729281768	0.026201291877439158	0.3865322768688202
21	14.71304	0.025028322207291603	0.07464153319597244
22	14.6958	0.023772898439849633	0.000269974087132141
23	14.718406639004149	0.0227922822671257	0.10497927665710449
24	14.690661596958176	0.021786456681712262	0.07795655727386475
25	14.696125874125874	0.02096217758255879	0.05832714959979057
26	14.695741935483872	0.02004965471215731	0.19161389768123627
27	14.704	0.019296532558159163	0.17713399231433868
28	14.697130193905817	0.018549946527399927	0.09042761474847794
29	14.696505154639175	0.01796729985530452	0.6169126033782959
30	14.713528846153846	0.017348273696317505	0.4518575966358185
31	14.691730337078651	0.01674649930312349	0.08961432427167892
32	14.70021052631579	0.016218071687857646	0.3516610860824585
33	14.708	0.01571256950085917	0.08832618594169617
34	14.69703345724907	0.015215745073566128	0.10685069113969803
35	14.699397548161121	0.014796108987431155	0.07866771519184113
36	14.694102479338843	0.014342018909027528	0.26496487855911255
37	14.70586875	0.013936597508888392	0.5739642381668091
38	14.702029585798817	0.013583815462855968	0.19935718178749084
39	14.701475455820477	0.013246167936830786	0.17675042152404785
40	14.701134487350199	0.012907067845696445	0.1483439952135086
41	14.698192405063292	0.01258663337232591	0.0678984522819519
42	14.704274698795182	0.012256834105610376	0.11548566818237305
43	14.707471871412169	0.011978750141201948	0.2501491606235504
44	14.70234830230011	0.011670249796325334	0.11728750914335251
45	14.697225941422595	0.011420920568919055	0.03617767617106438
46	14.70258	0.011162995313516916	0.2033284455537796
47	14.702775119617225	0.010944947296325737	0.07740853726863861
48	14.697330889092576	0.010698850649528734	0.09179230034351349
49	14.708808435852372	0.010474110190468795	0.18467813730239868
50	14.69968634064081	0.010269840275246654	0.09701093286275864
