1	1.1988	0.02394583086885897	0.10779617726802826
2	1.192	0.02363238456017506	0.13422554731369019
3	1.2003636363636363	0.02289868949232283	0.06766299903392792
4	1.1926153846153846	0.020752254995346844	0.11187589913606644
5	1.17875	0.01817406075633621	0.1286313831806183
6	1.191	0.016677355905538496	0.1143442839384079
7	1.18976	0.014879571400278985	0.7737334966659546
8	1.1858064516129032	0.01325453897845066	0.38691452145576477
9	1.192421052631579	0.012133280548369105	0.06895940005779266
10	1.1874782608695653	0.010918558047566838	0.09584853798151016
11	1.1912727272727273	0.010062304957954068	0.14662009477615356
12	1.1888615384615384	0.00921114949734059	0.6517769694328308
13	1.187	0.008486146605528697	0.15192459523677826
14	1.1890454545454545	0.00791938196610182	0.3438587188720703
15	1.1922772277227722	0.007440217868624572	0.09059997648000717
16	1.1900869565217391	0.006942209019033023	0.0963824912905693
17	1.1924615384615385	0.0065604428839030424	0.07994548976421356
18	1.1915616438356165	0.006179488882573523	0.24806655943393707
19	1.1901349693251533	0.005831694583475892	0.07802674174308777
20	1.1887955801104972	0.005519160560263671	0.07585550099611282
21	1.1917	0.005281211963176635	0.09109950810670853
22	1.1893454545454545	0.0050117022702251025	0.12062297761440277
23	1.1899917012448133	0.004794626474102183	0.26514220237731934
24	1.1913460076045628	0.004602188959763833	0.08554893732070923
25	1.188979020979021	0.004392290696112181	0.0752844512462616
26	1.1892516129032258	0.004221173906820587	0.054907139390707016
27	1.1909014925373134	0.004074123678921997	0.08164122700691223
28	1.1891191135734072	0.0039106044762204474	0.06698737293481827
29	1.1894948453608247	0.0037749567355785506	0.06369881331920624
30	1.1893942307692307	0.003644960305108669	0.05724075809121132
31	1.1890786516853933	0.0035219392467883102	0.123468317091465
32	1.189237894736842	0.0034100066064349554	0.13534991443157196
33	1.1906482213438736	0.0033133020838222718	0.16319212317466736
34	1.1902527881040892	0.0032107046586749583	0.2579761743545532
35	1.1904658493870404	0.003117879613621335	0.2185405045747757
36	1.1903471074380165	0.00302828077691199	0.05189364776015282
37	1.1901375	0.002943071397201132	0.09014425426721573
38	1.1903491124260355	0.0028648522483477813	0.05842229351401329
39	1.1902272089761572	0.0027888451027000007	0.36943167448043823
40	1.1898748335552596	0.002715445225172351	0.8431565761566162
41	1.1886227848101265	0.0026408649031492587	0.06023041158914566
42	1.1884963855421686	0.0025757810686893833	0.07957245409488678
43	1.1903145809414466	0.002523692073300401	0.09650811553001404
44	1.1905016429353779	0.0024658872222938447	0.2391137033700943
45	1.1907154811715481	0.0024108261554819693	0.07069995254278183
46	1.189664	0.0023522109632734883	0.7134751081466675
47	1.1905186602870814	0.002304970043770901	0.06691267341375351
48	1.1911934005499543	0.00225890344107377	0.2523637115955353
49	1.189029876977153	0.0022021544358132262	0.24765437841415405
50	1.1883844856661046	0.002154302288650859	0.14366769790649414
