1	7.3064	0.10964938916382523	0.662390410900116
2	7.31	0.11153385136361069	0.26976490020751953
3	7.319272727272727	0.10644991491153577	0.07425708323717117
4	7.281846153846153	0.09834919567279476	0.14590060710906982
5	7.29925	0.08965809352409304	0.7204077243804932
6	7.3074	0.07904650170627404	0.13774342834949493
7	7.288	0.07104583759799019	0.6191269755363464
8	7.2860645161290325	0.06377446665102841	0.07533916085958481
9	7.311894736842105	0.05723448421545062	0.7483584880828857
10	7.294695652173913	0.051623362474927145	0.059901002794504166
11	7.315418181818182	0.04768909126867017	0.10405246913433075
12	7.282276923076923	0.04370053061450258	0.3901512622833252
13	7.30521052631579	0.04084352132044116	0.053442083299160004
14	7.295318181818182	0.03746460753948856	0.10063128918409348
15	7.313386138613861	0.03498705807730558	0.07077939063310623
16	7.2918260869565215	0.032916997516532584	0.08462773263454437
17	7.289015384615385	0.030786003219872193	0.051511481404304504
18	7.3003835616438355	0.02936957359895269	0.34123659133911133
19	7.305889570552147	0.02771738434947277	0.36326834559440613
20	7.288685082872928	0.026363401219037838	0.3241191506385803
21	7.31176	0.025026997950853034	0.1482003927230835
22	7.297727272727273	0.023889770577423357	0.35923105478286743
23	7.316082987551868	0.02273521276240336	0.05234048515558243
24	7.303498098859316	0.021830909038330532	0.09667281061410904
25	7.290223776223776	0.02087253673901444	0.256064236164093
26	7.299690322580645	0.020036414438103216	0.08908986300230026
27	7.3038567164179105	0.01929730702743468	0.08263210207223892
28	7.295800554016621	0.01866384484227703	0.062268588691949844
29	7.287494845360825	0.017909690317010743	0.3984970450401306
30	7.301067307692308	0.01732932017739344	0.2971937656402588
31	7.302121348314607	0.01677343254762913	0.12514442205429077
32	7.293507368421053	0.016215407270928787	0.05462589114904404
33	7.308790513833992	0.015770804926329627	0.07255904376506805
34	7.294044609665428	0.01518554274749087	0.06409332156181335
35	7.3076077057793345	0.014797538576559566	0.09629493206739426
36	7.301573553719008	0.014376284350547514	0.05868636816740036
37	7.29905625	0.013980956799344847	0.05757000297307968
38	7.2987988165680475	0.013598311616855156	0.09163040667772293
39	7.304269284712483	0.013256137129170727	0.13069210946559906
40	7.298769640479361	0.012871300735719106	0.1045452281832695
41	7.299205063291139	0.012546082135061386	0.09159699827432632
42	7.300159036144579	0.01227985071967799	0.08330368250608444
43	7.300665901262916	0.011948151291258053	0.06570705771446228
44	7.295513691128149	0.011690404503718284	0.051856767386198044
45	7.301728033472803	0.011421066289300707	0.10432695597410202
46	7.305548	0.011157348749100572	0.14004023373126984
47	7.3039464114832535	0.01093502933699804	0.06996563076972961
48	7.2914573785517875	0.010697113858884683	0.1252240091562271
49	7.305075571177505	0.010460623143106869	0.05648581683635712
50	7.30247892074199	0.010235346229685926	0.05799213796854019
