1	1.1874	0.016556153901193357	0.218757763504982
2	1.1844	0.016453387250046726	0.3955497443675995
3	1.1954	0.016822422893269573	0.0546734444797039
4	1.2062	0.017164696560091012	0.05289822816848755
5	1.1932	0.016750306504658342	0.6628137230873108
6	1.1838	0.016432638497818904	0.9563348889350891
7	1.194	0.016776626597740093	0.3628372251987457
8	1.196	0.016841947630841285	0.140167698264122
9	1.1868	0.016535730041337744	0.011048737913370132
10	1.1972	0.016880814198373235	0.11801792681217194
11	1.1912	0.01668402253654676	0.0860603004693985
12	1.1922	0.01671725120945427	0.4267996549606323
13	1.205	0.017127609290265813	0.9858453869819641
14	1.1848	0.01646718336571254	0.4883437156677246
15	1.1814	0.016348983821632468	0.05531015992164612
16	1.1944	0.016789745441786793	0.20643164217472076
17	1.1914	0.016690682190971102	0.8702663779258728
18	1.1906	0.016664001680268752	0.12136874347925186
19	1.1926	0.01673049407519096	0.020977111533284187
20	1.1842	0.016446478285639155	0.8474563956260681
21	1.1896	0.01663049343825973	0.21818451583385468
22	1.188	0.01657651350555961	0.2805863320827484
23	1.1932	0.016750306504658342	0.10902999341487885
24	1.1852	0.016480950458028807	0.18318909406661987
25	1.1838	0.016432638497818904	0.10464020818471909
26	1.1942	0.016783189446586137	0.16886039078235626
27	1.192	0.01671061937810805	0.05440448969602585
28	1.1858	0.01650154683658475	0.06925036758184433
29	1.1878	0.016569734095633514	0.05884028226137161
30	1.1946	0.01679629459136746	0.11236637830734253
31	1.1846	0.016460288940355804	0.45874059200286865
32	1.1954	0.016822422893269573	0.16076844930648804
33	1.1974	0.016887268340379978	0.8693752884864807
34	1.1946	0.01679629459136746	0.9875428080558777
35	1.1874	0.016556153901193357	0.09232504665851593
36	1.1842	0.016446478285639155	0.07336907088756561
37	1.1896	0.01663049343825973	0.4474222660064697
38	1.1918	0.016703980603437016	0.08603134006261826
39	1.186	0.016508397862906022	0.29546764492988586
40	1.1988	0.016932259388516335	0.9705158472061157
41	1.194	0.016776626597740093	0.2912367582321167
42	1.1882	0.016583285802276953	0.9883008003234863
43	1.184	0.016439562037961975	0.5546524524688721
44	1.1978	0.016900156448979995	0.42973795533180237
45	1.1872	0.01654935309913956	0.0606643408536911
46	1.1834	0.016418769503224045	0.23269160091876984
47	1.1808	0.016327903968360417	0.14865094423294067
48	1.1972	0.016880814198373235	0.6413374543190002
49	1.1872	0.01654935309913956	0.14628103375434875
50	1.188	0.01657651350555961	0.14504702389240265
