1	5.2538	0.07251547426584207	0.1388045698404312
2	5.1702	0.07305763155208356	3.225290492991917e-05
3	5.2014	0.07277629058972437	0.22056277096271515
4	5.1716	0.07267376550035098	0.19125708937644958
5	5.2078	0.07293664708498741	0.1451919972896576
6	5.1486	0.07258410619412486	0.052231404930353165
7	5.1722	0.07278753250385671	0.004120659548789263
8	5.2134	0.07177791298164077	0.19726061820983887
9	5.2256	0.07364012732199751	0.00016072131984401494
10	5.2142	0.07311534071588535	0.12565955519676208
11	5.2106	0.07221278108479132	0.025704817846417427
12	5.2052	0.0732331026790481	0.36384597420692444
13	5.1836	0.07112836193811858	0.02142607606947422
14	5.229	0.07253499982766938	9.57496595219709e-05
15	5.1646	0.0733217042355127	0.5743903517723083
16	5.2006	0.07330271040009374	0.0014855884946882725
17	5.189	0.07330417587013718	0.019006185233592987
18	5.1842	0.07386911836484855	0.035020772367715836
19	5.2276	0.07489911102276188	0.6129916310310364
20	5.1834	0.07097475601930595	0.056135278195142746
21	5.191	0.07325062593589218	0.9353488683700562
22	5.2064	0.07373654637966162	0.015034278854727745
23	5.194	0.0728939997530661	0.3124719262123108
24	5.2454	0.07200473534428134	4.6283512347145006e-05
25	5.1828	0.07297075775952994	0.060893554240465164
26	5.2198	0.07232785305814071	0.3592991828918457
27	5.205	0.07270374818398294	0.20863507688045502
28	5.2008	0.07204597732004195	0.3892228603363037
29	5.2234	0.07253169232825057	0.00039270860725082457
30	5.2114	0.07297231031014431	0.30026182532310486
31	5.2042	0.07377929416848605	0.6971626877784729
32	5.1884	0.072340512798846	0.00017151929205283523
33	5.1668	0.07194219879875788	0.09101993590593338
34	5.194	0.07280010439552954	0.11199802905321121
35	5.172	0.07263242251226376	0.006761741824448109
36	5.2044	0.07319779472087944	0.04281172528862953
37	5.2652	0.0727766729659992	0.11175358295440674
38	5.1902	0.07314125462418594	0.32051894068717957
39	5.1892	0.07390728007442843	0.21332857012748718
40	5.1956	0.07173125645072727	0.0851883590221405
41	5.2498	0.07258016208303758	0.6175148487091064
42	5.185	0.0735284638762432	0.43068546056747437
43	5.2208	0.07236964313854262	0.1290677785873413
44	5.1434	0.07317093406537875	0.3453837037086487
45	5.1996	0.07268375136163513	0.07790067046880722
46	5.1826	0.07236479138365565	0.030624205246567726
47	5.212	0.07315887369280644	0.06181016191840172
48	5.2048	0.0722403109627859	0.0007993007893674076
49	5.169	0.07194046288424899	0.15773995220661163
50	5.223	0.07182066415733009	0.08447803556919098
