1	5.2504	0.10405632813048903	0.10478850454092026
2	5.1404	0.10172234869486647	0.014680863358080387
3	5.180363636363636	0.09841511455998131	0.9803380966186523
4	5.1292307692307695	0.08904570075495148	0.07166416198015213
5	5.19225	0.08201845743108685	0.22870631515979767
6	5.216	0.07398445242076199	0.12371238321065903
7	5.2336	0.06546141380691375	0.12940344214439392
8	5.216	0.05793070516968368	0.421438604593277
9	5.216421052631579	0.052876623747840586	0.1253879964351654
10	5.191565217391305	0.04825098499908679	0.05212533846497536
11	5.197672727272727	0.04382290610491378	0.08459527045488358
12	5.185107692307692	0.040258514429984106	0.06798133254051208
13	5.178473684210526	0.03749320018245007	0.23036225140094757
14	5.195909090909091	0.0349249693517745	0.0564628504216671
15	5.183049504950495	0.032011357329050305	0.050180934369564056
16	5.208904347826087	0.030270101228185443	0.11990875005722046
17	5.192523076923077	0.02862169405989872	0.06814669817686081
18	5.200383561643836	0.027072230229401473	0.12044829875230789
19	5.215950920245398	0.025471076802267546	0.05427045002579689
20	5.212066298342542	0.024177089559657243	0.12396857142448425
21	5.20474	0.023061948656434045	0.13234806060791016
22	5.199218181818182	0.02194166192607426	0.1202186644077301
23	5.1971950207468876	0.020895554542012144	0.06892619282007217
24	5.204076045627376	0.020089714027659168	0.060014475136995316
25	5.188671328671329	0.019233670036709942	0.05842478573322296
26	5.1996	0.01846842675569266	0.0753459706902504
27	5.191785074626866	0.017844974590037296	0.10977830737829208
28	5.194648199445983	0.01711590584196735	0.056635692715644836
29	5.2045154639175255	0.01658616922848595	0.1362878978252411
30	5.1925384615384615	0.015925601018748868	0.06325891613960266
31	5.2081078651685395	0.015435838375458703	0.08972359448671341
32	5.192791578947368	0.014960274496598421	0.08553456515073776
33	5.207280632411067	0.014415381311286592	0.09504920244216919
34	5.2003717472118955	0.014015672194036606	0.13098305463790894
35	5.19260945709282	0.013599117489057278	0.05645834282040596
36	5.18704132231405	0.013193088841417771	0.09127610176801682
37	5.1978625	0.0128360981171859	0.07336799800395966
38	5.199224852071006	0.012540654362426289	0.053122323006391525
39	5.193722300140252	0.012196838797157487	0.09450016915798187
40	5.209256990679094	0.011878681760815524	0.08168791979551315
41	5.20013164556962	0.011561834755971985	0.05517422780394554
42	5.20089156626506	0.01129698743774809	0.06871557980775833
43	5.205437428243399	0.011013785498023437	0.05504978448152542
44	5.203369112814896	0.010777694620871801	0.055218055844306946
45	5.201690376569037	0.01053376465072985	0.06815372407436371
46	5.202612	0.010291971899904113	0.09000349044799805
47	5.201657416267943	0.010066557555290194	0.052653972059488297
48	5.198903758020165	0.009856628839299341	0.07380197942256927
49	5.198541300527241	0.009647742023040529	0.12913958728313446
50	5.198802698145025	0.00943072561528496	0.08343400061130524
