1	9.3638	0.07769767826647091	0.05055942013859749
2	9.3638	0.07765133101241757	0.5344627499580383
3	9.418	0.07789465193451998	0.0019919853657484055
4	9.3558	0.07808771637075826	0.05388965457677841
5	9.4116	0.07937917731999994	0.3569337725639343
6	9.3608	0.07656789175627102	0.6009711027145386
7	9.4012	0.07743764851801749	0.02289864979684353
8	9.396	0.07680918695052016	0.7594528794288635
9	9.3858	0.07752499627861978	0.051897596567869186
10	9.3914	0.07763227983255395	0.08197692781686783
11	9.3864	0.07812791480642493	1.079527237379807e-06
12	9.3942	0.07865272689487637	0.003195804310962558
13	9.4242	0.07713972937468715	0.08108057081699371
14	9.3904	0.07915439414208164	0.000846344162710011
15	9.4304	0.07906756928096362	0.09107591211795807
16	9.4284	0.07719826547274243	0.008427624590694904
17	9.3888	0.07747246096517126	0.005160377826541662
18	9.3598	0.07702869029134536	0.0649343878030777
19	9.3856	0.07799668423721606	0.0002663677732925862
20	9.4092	0.07805715628947811	0.0025989916175603867
21	9.4092	0.07780308250962811	0.059893231838941574
22	9.374	0.07756173798981023	0.0031526617240160704
23	9.41	0.07749412880986527	2.0137533283559605e-05
24	9.372	0.07789858021812725	0.0028026034124195576
25	9.446	0.07794787489085271	1.048667058967112e-06
26	9.4248	0.07723872686677341	0.11916548013687134
27	9.3754	0.07671645659178976	0.00423364108428359
28	9.4104	0.07721106987990792	0.1519559621810913
29	9.3638	0.07838959885086816	0.09518879652023315
30	9.394	0.07763874805791245	0.006138371769338846
31	9.3732	0.07919911090410026	4.5750371100439224e-06
32	9.382	0.07706294050968994	0.7861320376396179
33	9.421	0.07721791372473126	0.0837206020951271
34	9.4216	0.07819652288944831	0.12600892782211304
35	9.4126	0.07732276658268258	0.701040506362915
36	9.4108	0.07649992188231311	0.00034453155240044
37	9.4454	0.07544530410834073	0.006710011512041092
38	9.4122	0.0788114464275335	0.29677802324295044
39	9.382	0.07695542086169108	0.8940669894218445
40	9.392	0.07828949354798526	0.023535288870334625
41	9.3606	0.07819093139232963	0.005968179553747177
42	9.377	0.07762143904875757	0.00016000178584363312
43	9.3812	0.07672363265643778	0.16096121072769165
44	9.4188	0.07724643556825148	0.014282220974564552
45	9.3718	0.07909043284746896	4.155287388130091e-05
46	9.3508	0.07810307835162464	0.0007683808216825128
47	9.3986	0.07689975599441123	0.11979455500841141
48	9.444	0.07689912353206615	0.058002978563308716
49	9.398	0.07584242084743878	1.2806530321540777e-05
50	9.3694	0.07748766709612541	0.025467325001955032
