1	1.9056	0.017543064270531566	0.0779704824090004
2	1.9144	0.016786348739377413	0.27610912919044495
3	1.9112727272727272	0.016267007259144095	0.29174330830574036
4	1.912	0.014907963798432886	0.024265725165605545
5	1.9165	0.013122021090517983	0.17907683551311493
6	1.9048	0.012451768067226416	0.08135435730218887
7	1.91008	0.010855483719484813	0.06806939095258713
8	1.909032258064516	0.009799496410785875	0.09156623482704163
9	1.9073684210526316	0.008923409342326088	0.7669017314910889
10	1.9128695652173913	0.00788972088035974	0.07572437077760696
11	1.9091636363636364	0.007352259111564021	0.09165928512811661
12	1.912923076923077	0.00663534031542483	0.28813764452934265
13	1.9097894736842105	0.006235101338468914	0.16959887742996216
14	1.91	0.005788311105542401	0.8766873478889465
15	1.9125544554455445	0.005333211436170706	0.27050915360450745
16	1.9096347826086957	0.00507266880755096	0.29094427824020386
17	1.9102153846153846	0.004757213289064439	0.6177294254302979
18	1.910109589041096	0.004491365002230084	0.8302280306816101
19	1.910282208588957	0.004247024462056725	0.8495416641235352
20	1.9082872928176795	0.004070411706849753	0.7603482604026794
21	1.90992	0.003841068451355693	0.08583096414804459
22	1.9124	0.0036164677895326597	0.193785160779953
23	1.9102738589211619	0.0034929169495075043	0.18665674328804016
24	1.910980988593156	0.0033317270624680824	0.7901217341423035
25	1.910083916083916	0.003209428060333306	0.9949091672897339
26	1.9083096774193549	0.0031099193349798547	0.5640944242477417
27	1.9099343283582089	0.0029676557267070596	0.10580486059188843
28	1.9115567867036012	0.002835448543300473	0.07243450731039047
29	1.9090515463917526	0.002769665377738941	0.08623885363340378
30	1.9100576923076924	0.0026614668468823563	0.8788971304893494
31	1.910229213483146	0.002571071444813821	0.08020976930856705
32	1.9101726315789473	0.0024892623481157267	0.39961856603622437
33	1.9099683794466402	0.0024142746612187426	0.07841379195451736
34	1.9101263940520445	0.0023395215539165687	0.10496272146701813
35	1.9095761821366024	0.002277163195475378	0.13179270923137665
36	1.9100429752066115	0.0022071002274266427	0.8566017746925354
37	1.91091875	0.002136457389122732	0.12508346140384674
38	1.909656804733728	0.0020920131594421455	0.08082360029220581
39	1.9104460028050492	0.002028972074821421	0.05274106562137604
40	1.9101198402130493	0.0019802156602516225	0.09774696081876755
41	1.9104050632911393	0.001927954456399103	0.16451546549797058
42	1.910120481927711	0.0018836144602453768	0.13397744297981262
43	1.9093639494833525	0.001845701757984838	0.6846043467521667
44	1.9097962760131435	0.001798871630619386	0.16053418815135956
45	1.9090753138075314	0.001764262251375747	0.2765062153339386
46	1.91094	0.0017089819748610535	0.06395979970693588
47	1.9110086124401915	0.0016711996487638174	0.05860352888703346
48	1.9096901924839598	0.0016464672239356617	0.06158038601279259
49	1.9094305799648505	0.0016141938541011694	0.5813280344009399
50	1.910752107925801	0.001570753304751107	0.11344389617443085
