1	12.8936	0.05778531190536258	0.0780726969242096
2	12.946	0.057498097359825605	0.7442141771316528
3	12.8658	0.05621123240065114	0.9099400043487549
4	12.888	0.056212283355153055	0.01428630668669939
5	12.9326	0.0563306580114233	0.019406475126743317
6	12.8544	0.05747487409294577	0.00019744633755180985
7	12.9218	0.0562799481876094	0.28489217162132263
8	12.9196	0.0563095419267462	0.10823394358158112
9	12.8774	0.056246107705333864	0.0007492158911190927
10	12.8978	0.05827348700738613	0.04421434551477432
11	12.8974	0.0567384510891869	0.0015653087757527828
12	12.8756	0.05576651640545592	0.017584891989827156
13	12.9038	0.0571316200365435	0.06229429319500923
14	12.871	0.05789858547494918	0.006391380447894335
15	12.9212	0.05645407875432898	9.183346264762804e-06
16	12.8786	0.05600063992491491	0.48207974433898926
17	12.8942	0.05568385266843545	2.3505635908804834e-06
18	12.8832	0.05726084148875156	0.00013251836935523897
19	12.8998	0.05682224852995506	0.003697074018418789
20	12.8878	0.05809802137766816	0.0003977122833020985
21	12.9012	0.05803334737889958	0.008398864418268204
22	12.8982	0.05767240386874828	0.0016856349539011717
23	12.9152	0.05814753759188778	0.1613553762435913
24	12.9042	0.05646096215970847	0.012857608497142792
25	12.8758	0.05683831320509067	0.6647522449493408
26	12.893	0.056717473498032245	0.31808561086654663
27	12.8994	0.05594625413734138	0.30335456132888794
28	12.8724	0.05557888836599716	0.00013534251775126904
29	12.8784	0.05640021446767743	0.11078625172376633
30	12.911	0.05560091905715223	0.0024439594708383083
31	12.894	0.05656514120905226	0.12385015934705734
32	12.8992	0.0567283954294495	0.6885428428649902
33	12.914	0.05654349829998151	0.11345890909433365
34	12.9154	0.05653138165656328	0.00879578571766615
35	12.9014	0.057029645553868955	0.09557686001062393
36	12.878	0.05650069734082935	0.0015732640167698264
37	12.9178	0.05743481250948772	0.0013998239301145077
38	12.894	0.05604083511155063	0.002089095301926136
39	12.8932	0.05604452487085603	3.858579020743491e-06
40	12.8848	0.056748851336392694	0.609180212020874
41	12.9004	0.05686531202763273	0.6268042325973511
42	12.9032	0.056582095825446425	0.5024510025978088
43	12.8974	0.055894649404035275	0.28548964858055115
44	12.8852	0.05605459595786991	0.05166970193386078
45	12.904	0.05627193972132122	0.006835108157247305
46	12.904	0.05699027285423363	0.015077212825417519
47	12.9096	0.056492920901649674	0.35728535056114197
48	12.896	0.05615666656773652	0.2703773081302643
49	12.9354	0.05659159223771684	0.003865113016217947
50	12.931	0.05633356193247536	0.03172346204519272
