1	31.1198	0.2498502878285314	9.963570846593939e-06
2	31.2302	0.24849566259393735	0.2411145567893982
3	31.1572	0.24743031077052774	0.024188866838812828
4	31.1984	0.24779577759114488	0.002935707336291671
5	31.2502	0.24833912283005283	0.35944610834121704
6	31.3012	0.24967959750047622	0.3067895174026489
7	31.1652	0.24842575576618517	0.0395488515496254
8	31.1172	0.2485385995937049	0.7573431134223938
9	31.2406	0.24992543078286342	0.07002594321966171
10	31.1638	0.2468698142908532	0.315951406955719
11	31.2774	0.24924367320355362	0.0005063179996795952
12	31.2014	0.2465848098971225	0.6270115375518799
13	31.2896	0.25177465581745884	3.7378613342298195e-05
14	31.1922	0.2482291410934661	0.4900745451450348
15	31.3352	0.2508632968929492	0.9051074385643005
16	31.1848	0.24630949662568877	0.06933566927909851
17	31.0864	0.24315526535939894	0.1806626319885254
18	31.3582	0.25010103352045543	0.11772024631500244
19	31.1738	0.24809544213467527	0.0012657929910346866
20	31.2	0.24781961181472334	4.358211754151853e-06
21	31.1936	0.24834680241951973	0.13059648871421814
22	31.179	0.24550545044866157	0.001110210781916976
23	31.0744	0.24777626268874076	0.060616713017225266
24	31.2902	0.25083008417652036	0.46243736147880554
25	31.256	0.24930582664671125	0.027272341772913933
26	31.158	0.24565379052642325	0.027539866045117378
27	31.357	0.25325242703674156	0.8217021226882935
28	31.1908	0.24842461964950302	0.02066444605588913
29	31.2832	0.25117650361448995	9.299371595261618e-05
30	31.314	0.25091697272205393	0.06146391108632088
31	31.2504	0.24545243879823236	0.186334490776062
32	31.197	0.24922107414903763	0.06473681330680847
33	31.1262	0.24571547042870545	0.24591217935085297
34	31.2786	0.24916469989145712	0.25877973437309265
35	31.224	0.24907959209859018	0.27702948451042175
36	31.1664	0.24608307514333483	0.041170258074998856
37	31.273	0.2504914525487847	0.056889090687036514
38	31.246	0.2471893832671625	0.0707443505525589
39	31.2546	0.24721375752979446	0.19551809132099152
40	31.221	0.24868012827727087	0.9211515188217163
41	31.1572	0.24772403736416065	0.39046794176101685
42	31.158	0.2447743957198134	0.017010608687996864
43	31.1364	0.24582357712798864	0.2708847224712372
44	31.1294	0.2449891021086445	0.12693113088607788
45	31.1732	0.24590633006899143	0.04049837961792946
46	31.2672	0.24912287628397375	0.4809532165527344
47	31.112	0.246104816694026	0.0567653588950634
48	31.2974	0.24827878651225926	0.7884609699249268
49	31.2698	0.24832103078072154	0.12460502982139587
50	31.2794	0.24830917049517146	0.00037412773235701025
