1	13.7888	0.103954126498182	0.12366314977407455
2	13.786	0.10074648579479123	0.05567452684044838
3	13.787636363636363	0.09786603542372008	0.8539924621582031
4	13.819692307692307	0.09118551594253335	0.07827147096395493
5	13.79475	0.0823310420459679	0.0621444433927536
6	13.8276	0.07241229751913696	0.07456476241350174
7	13.8096	0.06452282766277394	0.03764203563332558
8	13.794322580645161	0.058468466094478186	0.1538873314857483
9	13.826315789473684	0.052942951523804585	0.3759279251098633
10	13.807217391304349	0.04769106700711835	0.1807674616575241
11	13.807563636363636	0.04355491310059782	0.23299241065979004
12	13.797784615384616	0.04036687057900665	0.08659226447343826
13	13.794263157894736	0.03736430563542496	0.05627273768186569
14	13.789636363636363	0.0348532322338259	0.10478859394788742
15	13.789861386138615	0.03208866846523904	0.12064763158559799
16	13.814608695652174	0.030371109127712265	0.7267158627510071
17	13.8124	0.028636102098306016	0.3156907558441162
18	13.811068493150685	0.026989599338968787	0.734122097492218
19	13.799018404907976	0.025398448729452475	0.08550199121236801
20	13.79460773480663	0.02425713880332768	0.0688367635011673
21	13.80338	0.022896744388842698	0.2516506612300873
22	13.816272727272727	0.021963229400066366	0.06104222312569618
23	13.799651452282157	0.020936595465828666	0.8042316436767578
24	13.793825095057034	0.02008346352701808	0.09096905589103699
25	13.806741258741258	0.01930870390624686	0.21449223160743713
26	13.799470967741936	0.018489639159812644	0.0563327819108963
27	13.794817910447762	0.01777215207933832	0.056759756058454514
28	13.80415512465374	0.01719981329168909	0.21213312447071075
29	13.800824742268041	0.016524147318214846	0.14008085429668427
30	13.788461538461538	0.015966447879761227	0.10674425959587097
31	13.802678651685394	0.015426378517522609	0.9151609539985657
32	13.79439157894737	0.014920838209540627	0.13833388686180115
33	13.804166007905138	0.014438610077101779	0.72015780210495
34	13.804966542750929	0.014003951731387246	0.06176532059907913
35	13.788574430823118	0.013572700180213667	0.0506586953997612
36	13.79628429752066	0.01322862366642871	0.05923447012901306
37	13.808025	0.012864430830388233	0.0910293459892273
38	13.798254437869822	0.012512545247729169	0.055934008210897446
39	13.798950911640954	0.0122112341296219	0.05441855639219284
40	13.80597603195739	0.011868547205517704	0.16881448030471802
41	13.806369620253164	0.011575173786266286	0.4429149329662323
42	13.797653012048192	0.011268922487864345	0.07084795832633972
43	13.801699196326062	0.011009643435154638	0.05533836409449577
44	13.80334282584885	0.01079467826885662	0.07408517599105835
45	13.799765690376569	0.01053579771985678	0.05263024941086769
46	13.804404	0.010306138722733333	0.062462784349918365
47	13.805355023923445	0.010078117792014108	0.054013993591070175
48	13.795494042163153	0.00985964525465648	0.016063006594777107
49	13.796826010544816	0.009651628374299078	0.10861023515462875
50	13.803038785834739	0.009462673852265537	0.17870734632015228
