1	11.4892	0.06869257636746473	0.37089547514915466
2	11.503	0.06829980819885213	0.22852250933647156
3	11.528	0.06885658138478815	0.7684592008590698
4	11.5122	0.06907367145302175	0.05154494196176529
5	11.466	0.06894576999352482	0.24384871125221252
6	11.4784	0.06865129417571074	0.6547483801841736
7	11.504	0.06948590648469677	0.0517173632979393
8	11.511	0.06742834863764652	0.0625687837600708
9	11.5034	0.06867822938894137	0.05207504332065582
10	11.5054	0.06799314312487693	0.23026306927204132
11	11.4884	0.06854544326211635	0.32247328758239746
12	11.5326	0.06934267828689611	0.11102379113435745
13	11.5126	0.06882814999693039	0.5861424803733826
14	11.4854	0.06875417305153197	0.33891838788986206
15	11.497	0.06838409025497096	0.09422892332077026
16	11.5106	0.0681454162214893	0.052353426814079285
17	11.5054	0.06923660528939865	0.4141518175601959
18	11.4956	0.06899713872328321	0.06625597923994064
19	11.4708	0.0693038617105856	0.966841995716095
20	11.5104	0.0690794130837834	0.0032958262600004673
21	11.5152	0.0697262083294368	0.7194049954414368
22	11.571	0.06837577202489212	0.054231345653533936
23	11.4494	0.06704231016306042	0.0005983304581604898
24	11.5032	0.06868872955587392	0.11668989807367325
25	11.5076	0.0694801844557135	0.050506141036748886
26	11.5118	0.06844026130867717	0.045119211077690125
27	11.4786	0.0702530830070823	0.20984068512916565
28	11.492	0.06909041033312771	0.17905986309051514
29	11.4772	0.06873968495709024	0.6284270882606506
30	11.5232	0.0684192309807708	0.5997210144996643
31	11.507	0.06817794218073783	0.7455740571022034
32	11.4746	0.06984982972062262	0.2646895945072174
33	11.4824	0.0695338941236574	0.2816460430622101
34	11.4976	0.068981661563056	0.05206553265452385
35	11.5244	0.06852888698935684	0.07548175752162933
36	11.5142	0.06743794961295875	0.00023944962595123798
37	11.4982	0.06846308617057809	0.2172677218914032
38	11.5328	0.06878476203346182	0.2584938108921051
39	11.4742	0.06971027074972534	0.014128840528428555
40	11.4852	0.06821265079147666	0.14308980107307434
41	11.519	0.06846364144566078	0.26709768176078796
42	11.5136	0.06799637543281256	0.37592124938964844
43	11.5082	0.06816713994293715	0.10326158255338669
44	11.5156	0.06805381658658097	0.29197248816490173
45	11.516	0.0684860511345192	0.07923006266355515
46	11.4536	0.06830318200494036	0.030434314161539078
47	11.486	0.0693591176414461	0.18884636461734772
48	11.4998	0.06872554057990365	0.060000572353601456
49	11.5032	0.06997129102710631	0.44631192088127136
50	11.4378	0.07018886014176338	0.07912604510784149
