1	31.3408	0.3576959033816287	0.059829048812389374
2	31.1972	0.3508595214270242	0.05721795931458473
3	31.433090909090907	0.342943350943598	0.657529890537262
4	31.28923076923077	0.3123713626180979	0.08389301598072052
5	30.99625	0.27279691321452854	0.05049147084355354
6	31.2422	0.2508844564495777	0.21915456652641296
7	31.21456	0.22304421662355692	0.08207524567842484
8	31.165290322580645	0.1996366050474081	0.5594246983528137
9	31.223684210526315	0.1822096153546413	0.17158959805965424
10	31.151739130434784	0.1641568694394791	0.440548300743103
11	31.27192727272727	0.14989714380479544	0.2806335985660553
12	31.2176	0.13784757001470355	0.6393697261810303
13	31.154473684210526	0.12697914171671038	0.05492212995886803
14	31.218818181818182	0.11905948130989866	0.09239878505468369
15	31.25291089108911	0.11144712222380766	0.0809367299079895
16	31.21248695652174	0.10428890078063757	0.1418893039226532
17	31.2536	0.09827114505051049	0.10808473080396652
18	31.2586301369863	0.09262297251432339	0.1795625388622284
19	31.234306748466256	0.08741880536003246	0.07750596851110458
20	31.21754696132597	0.08280815504602906	0.16929465532302856
21	31.26758	0.07936399038511106	0.07987099885940552
22	31.23298181818182	0.07520583136093698	0.08508530259132385
23	31.206821576763485	0.07181042511030099	0.05546462908387184
24	31.25847908745247	0.06868334527724312	0.08029212057590485
25	31.20086713286713	0.0657318647324338	0.5258700251579285
26	31.220709677419354	0.06309786376618418	0.15623994171619415
27	31.23406567164179	0.060973294785918064	0.7082388997077942
28	31.2206648199446	0.05878689353697232	0.1490798443555832
29	31.227876288659793	0.05637089005392125	0.2716178894042969
30	31.209653846153845	0.0545493255425358	0.12959162890911102
31	31.216773033707867	0.052820326175722146	0.28108638525009155
32	31.21808842105263	0.051025500082372624	0.12759749591350555
33	31.237691699604742	0.049581946338001025	0.050439201295375824
34	31.231197026022304	0.048010211756021215	0.08844958990812302
35	31.246809106830124	0.04668480337593539	0.16879619657993317
36	31.230221487603306	0.04530366236133249	0.08038558810949326
37	31.22869375	0.044062391756491	0.20521283149719238
38	31.232508875739644	0.0429097568281841	0.4195619523525238
39	31.230810659186535	0.04176177728324118	0.1942366361618042
40	31.224079893475366	0.04064379441727477	0.051556769758462906
41	31.2074582278481	0.039555681057140316	0.03977946937084198
42	31.209204819277108	0.038599356637888646	0.1001201719045639
43	31.219678530424797	0.037746933980098686	0.06087905913591385
44	31.236389923329682	0.03686897009276256	0.09713060408830643
45	31.24399581589958	0.036081175404502085	0.14798307418823242
46	31.222656	0.035234284823221565	0.0941554382443428
47	31.234652631578946	0.03448646865298718	0.07339981198310852
48	31.243941338221816	0.03381004877388401	0.15082509815692902
49	31.209697715289984	0.03296509114232479	0.0614953339099884
50	31.206785834738618	0.032311049909151256	0.24974165856838226
