1	17.406	0.04728144667837581	0.14272956550121307
2	17.407	0.04748254205494867	0.056332025676965714
3	17.3826	0.04783880257698775	0.05354898422956467
4	17.4438	0.04798577714281602	0.0559249222278595
5	17.4204	0.04723764295559085	0.9561468362808228
6	17.3962	0.0465536895208101	0.1033404991030693
7	17.4054	0.04763582173112969	0.11568967998027802
8	17.4	0.04732018596751446	0.05360805615782738
9	17.4076	0.047134616069298155	0.34544169902801514
10	17.414	0.048168529145075197	0.8266445994377136
11	17.3944	0.04713053736167183	0.34898197650909424
12	17.4052	0.04765777300713888	0.11522587388753891
13	17.426	0.047678749983615334	0.1568247377872467
14	17.4326	0.046727968412932544	0.15444989502429962
15	17.409	0.046524554807113344	0.13511770963668823
16	17.3988	0.047830172569204604	0.1332230120897293
17	17.411	0.047306471016128955	0.06985191255807877
18	17.3938	0.04777299245389685	0.0002844100818037987
19	17.4084	0.04747227603559778	0.17381888628005981
20	17.3832	0.0476605074249116	0.8702806830406189
21	17.416	0.04893116798115421	0.45177823305130005
22	17.3742	0.04842141931005422	0.2390414923429489
23	17.4226	0.04720610799462392	0.8143627047538757
24	17.3874	0.04684846029486987	0.08746028691530228
25	17.4074	0.04752184163098159	0.0013754749670624733
26	17.4444	0.04761045633051471	0.17190389335155487
27	17.4092	0.04787525089229372	0.12466419488191605
28	17.3886	0.04830633573352476	0.11813274025917053
29	17.4102	0.04759206580933443	0.03343801200389862
30	17.3734	0.048059446438759326	0.05011170357465744
31	17.403	0.04820564074877582	0.06326600909233093
32	17.4056	0.04790030847499878	0.3789353370666504
33	17.3814	0.04943239091931559	0.07241684198379517
34	17.3974	0.047749469442077336	0.25702178478240967
35	17.3868	0.04787206249995901	0.142114520072937
36	17.3796	0.04795317415979795	0.9976308345794678
37	17.385	0.04755496819471003	0.948411762714386
38	17.4128	0.04736573749029914	0.008965915068984032
39	17.3828	0.04688960959530339	0.432606041431427
40	17.3892	0.04845020173332731	0.00611496577039361
41	17.395	0.047216893163357795	0.26414063572883606
42	17.4036	0.04761420661945265	0.9587336182594299
43	17.4242	0.04709626150768258	0.11045756936073303
44	17.4222	0.047999009239775056	0.09740182757377625
45	17.3896	0.04851866972619815	0.5293422937393188
46	17.3898	0.0478018904228685	0.8513118624687195
47	17.3922	0.04761556980652525	0.0575704425573349
48	17.4246	0.04763703088984435	0.01612102799117565
49	17.3898	0.04772652017484506	0.08812189102172852
50	17.4026	0.047625663585928305	0.23101244866847992
