1	15.577	0.07930982158598018	0.00017118513642344624
2	15.5926	0.0771580548743942	0.18236106634140015
3	15.6508	0.07750526980792971	0.0004279806453268975
4	15.5922	0.07846820048911532	0.026689786463975906
5	15.5996	0.07781608903048251	0.3811982274055481
6	15.5976	0.07756116058956299	0.0054619200527668
7	15.614	0.07709245877516138	0.8404466509819031
8	15.57	0.07761017974466992	0.012137971818447113
9	15.5838	0.07890145504361765	0.17799687385559082
10	15.5774	0.07882192989263817	0.0029767726082354784
11	15.5736	0.07882848135033421	0.14863042533397675
12	15.617	0.07707969771606471	9.084011981030926e-05
13	15.6262	0.07678679839659908	0.029454225674271584
14	15.5924	0.07679838560803223	0.00014527048915624619
15	15.59	0.07728479798770253	0.053983669728040695
16	15.642	0.07932530995842403	0.0007510727737098932
17	15.5924	0.07684993189326858	0.5987643003463745
18	15.5598	0.07797257933402031	0.23535828292369843
19	15.5788	0.07788673191243838	0.0004943488165736198
20	15.61	0.07775384234878718	0.0009271367453038692
21	15.6424	0.07743629660566151	0.05158481001853943
22	15.5536	0.07697238902359735	0.09436418116092682
23	15.6016	0.07766787876593537	0.05606667324900627
24	15.6032	0.07681112919362669	0.19519078731536865
25	15.6048	0.07725587698033116	0.5747926831245422
26	15.6488	0.07704638478215585	0.0034762790892273188
27	15.591	0.07823179788295827	0.4117336571216583
28	15.5924	0.07922570310196086	0.03885607048869133
29	15.6078	0.0784094540728351	2.4498160200892016e-05
30	15.6328	0.07717833561304649	0.005535396281629801
31	15.592	0.07808229504823738	2.732213215494994e-05
32	15.6324	0.07818060137911403	0.10514068603515625
33	15.6282	0.0770289333172934	0.3627604842185974
34	15.566	0.0772771583328473	0.0028795080725103617
35	15.645	0.07765046683697427	0.13001181185245514
36	15.6516	0.07713929862268647	0.029223017394542694
37	15.619	0.07740975519919947	0.01767406426370144
38	15.5586	0.07607666443792067	0.0040197730995714664
39	15.5688	0.07839209021323526	0.654789388179779
40	15.5932	0.07783960924876251	1.3326633052201942e-05
41	15.541	0.07911721810073961	0.0869627296924591
42	15.5694	0.07783347963440938	0.004271658603101969
43	15.5436	0.0790191006782537	0.09182026237249374
44	15.592	0.07790689828250133	0.7222381234169006
45	15.5646	0.07739566080860055	0.020671721547842026
46	15.5904	0.07784555293656768	0.05174390226602554
47	15.5726	0.07775881063905253	5.195157791604288e-05
48	15.6056	0.07797748105703309	0.46351906657218933
49	15.6044	0.0778695136237541	0.0031394793186336756
50	15.6422	0.0765109305132276	0.07071635872125626
