1	3.0024	0.03621918872641956	0.0005773134180344641
2	3.0102	0.03644959160265034	0.015633681789040565
3	3.0078	0.03585317960795105	0.018592042848467827
4	2.9876	0.036285027656045646	1.0958417078654747e-05
5	2.9972	0.03723850007720509	0.09454435110092163
6	2.9918	0.03736735163214002	0.0005967251490801573
7	3.007	0.035973765440943176	0.001140547334216535
8	2.9984	0.03671287774065114	0.01395430602133274
9	3.0088	0.03650452859577838	4.5927219616714865e-05
10	2.9904	0.03742932155409713	0.05734431743621826
11	2.969	0.03777711211831843	0.07716090977191925
12	2.9964	0.037718651513541694	0.05982597544789314
13	3.002	0.036849868385111	0.04531542584300041
14	3.0308	0.03641390459700795	0.0003912057145498693
15	3.0072	0.036829155407095596	0.0015593923162668943
16	3.002	0.03679120547087306	0.005608561914414167
17	3.0006	0.03704968761001905	0.011182048358023167
18	3.0002	0.036981616081507275	0.11034834384918213
19	2.988	0.03736068521855562	0.020321087911725044
20	3.0014	0.03697183349524339	0.014363909140229225
21	2.9794	0.037406899791348626	0.08755555003881454
22	2.9996	0.0367129365755451	0.0216540340334177
23	3.0	0.03707398009386098	0.005092301405966282
24	3.0104	0.03727472752415499	0.060939837247133255
25	2.9872	0.03726372348544896	3.606714017223567e-05
26	3.0134	0.036733047681889966	0.018767384812235832
27	3.002	0.03647674327568187	0.0036743038799613714
28	2.9894	0.03671508888726816	0.03723016753792763
29	3.0034	0.0369813357249302	0.4074781835079193
30	3.0078	0.0365985039038483	0.0037719998508691788
31	2.9828	0.036499143661187436	0.052744682878255844
32	3.0148	0.036174103002009614	0.03201121836900711
33	2.979	0.03686361620893966	0.17597445845603943
34	2.9992	0.03665404272382515	0.00016954512102529407
35	3.0022	0.03651124878718881	1.8064334653900005e-05
36	3.0182	0.03718714519830743	0.017133308574557304
37	3.003	0.03676661257173413	0.003374437103047967
38	2.9814	0.037109261269931006	0.007753223180770874
39	3.013	0.03665481960124756	0.33087942004203796
40	2.9876	0.03695352800477917	0.11142995208501816
41	3.0092	0.03720762889516075	0.049476150423288345
42	2.9896	0.036847324353336715	0.007321132812649012
43	3.0024	0.036308533872906515	0.0006545663345605135
44	3.016	0.03620302749771075	0.0001410247787134722
45	2.9904	0.036582975712754685	0.02186896651983261
46	3.0028	0.03675195080536543	0.02355354093015194
47	3.0022	0.03657036078575102	1.988725307455752e-05
48	2.9798	0.036825338124720594	0.00421749334782362
49	2.9778	0.03732817820360382	0.03296826407313347
50	3.0254	0.035778187656727405	0.15650370717048645
