1	0.6022666666666666	0.004175760316663591	0.11489102989435196
2	0.6461235530671643	0.005708061888128299	0.07500417530536652
3	0.6562300577567752	0.00687041367081517	0.15247410535812378
4	0.6300918806704598	0.008003585511851775	0.1208738461136818
5	0.6043931853517684	0.008361047201970135	0.09703385084867477
6	0.5783535176856016	0.008292817369213947	0.5954300761222839
7	0.5613709451209451	0.007988701895020864	0.00758498627692461
8	0.5448718090447632	0.007626555822847223	0.13345502316951752
9	0.5309985352867297	0.00722352788499425	0.0676904022693634
10	0.5201233375700665	0.006819095049638797	0.31906408071517944
11	0.5149062855725108	0.006432462326302614	0.09359930455684662
12	0.5091348046093033	0.0060658404080889405	0.22366315126419067
13	0.5049351248400374	0.005726936259224221	0.15437398850917816
14	0.5019204493951565	0.005425997801976312	0.4472913444042206
15	0.49883276403829396	0.005131837941382679	0.07306613773107529
16	0.49786398229348827	0.004870817669249946	0.05042349174618721
17	0.497098986974751	0.004632261266942168	0.16413293778896332
18	0.49565078236602994	0.004410687206513131	0.05791155993938446
19	0.4948115356780171	0.004204338293535042	0.5811376571655273
20	0.49504699542247516	0.004016079440517486	0.41440829634666443
21	0.4946264482141021	0.0038417344170093453	0.33536264300346375
22	0.4945766569403169	0.0036812253924776404	0.010262132622301579
23	0.4950620854786652	0.0035330825567497256	0.16462302207946777
24	0.494467667605924	0.003396336984997992	0.10241800546646118
25	0.49418551295837065	0.0032671901502248253	0.3214522898197174
26	0.49398964859611005	0.0031487302020476934	0.07255043834447861
27	0.493470189735155	0.003037198772651558	0.17309866845607758
28	0.49318350111396514	0.0029316026726513636	0.34980475902557373
29	0.4932850902237343	0.0028339677071002466	0.3163209557533264
30	0.49317388300721127	0.0027427594552335436	0.18661698698997498
31	0.49309542561349634	0.002656386946646127	0.15977084636688232
32	0.4928247616496602	0.0025754775579252174	0.11482574045658112
33	0.49340394763800594	0.002498095531832043	0.09746706485748291
34	0.49341544528015613	0.0024257092720198574	0.06854740530252457
35	0.4938749078804632	0.002357167516660706	0.06926321238279343
36	0.4941651265089327	0.002292403310631591	0.09426654130220413
37	0.4942344377367758	0.0022309898045202326	0.05508790537714958
38	0.49400948048635474	0.0021731073970902093	0.16021429002285004
39	0.493905301305408	0.002118297808760671	0.3355838358402252
40	0.49431296705482686	0.0020659419722556284	0.07535547018051147
41	0.49425843048593265	0.002015305443593775	0.12937481701374054
42	0.49428270381970935	0.001967813717943394	0.11378225684165955
43	0.4940285623924385	0.001922084732935769	0.08092457056045532
44	0.49386898922060096	0.0018783926669614097	0.054455965757369995
45	0.4938058119643122	0.001836727229727549	0.06571464985609055
46	0.49388106715809554	0.001796902358559045	0.15457363426685333
47	0.49388355419724894	0.0017588082293252794	0.1273437887430191
48	0.4938559246434345	0.0017221429568600485	0.27659520506858826
49	0.49389554897174154	0.0016870659660164367	0.15378597378730774
50	0.49384695929960537	0.0016533099735932281	0.09537016600370407
