1	8.3976	0.05098789691681713	0.05392715334892273
2	8.051789642071586	0.10858588446209612	0.3571745455265045
3	7.269538349691022	0.14578573772408682	0.11006772518157959
4	7.694602491157927	0.1837578873749661	0.318727970123291
5	7.609195402298851	0.19186728178744353	0.06659619510173798
6	7.724037981009495	0.20392826940410722	0.2807610034942627
7	7.77634735327043	0.20812184473149653	0.109237901866436
8	8.031082736828528	0.21130115038595676	0.08461050689220428
9	8.348958333333334	0.21356647444213	0.069567009806633
10	8.731539832239559	0.2154553205749954	0.05563276633620262
11	9.0546346782988	0.21393796329842152	0.06603983789682388
12	9.409645965980745	0.2129719180198223	0.1466549187898636
13	9.766284331263812	0.21170365557670506	0.1370132565498352
14	10.112421330061572	0.2096858416742898	0.050440069288015366
15	10.37013501207586	0.2071900644208719	0.1056223213672638
16	10.64362340259063	0.2040784644203179	0.6581485867500305
17	10.881398425003075	0.20127335528814716	0.7757210731506348
18	11.121012914800662	0.19871047467024638	0.2593050003051758
19	11.33948330430089	0.19649050575657812	0.14750315248966217
20	11.611484881627062	0.19494643308429194	0.20488996803760529
21	11.872205558888222	0.1934901708157021	0.09327004104852676
22	12.099062906172458	0.191433808979386	0.07538687437772751
23	12.31424138331591	0.18948297065647995	0.06347211450338364
24	12.536484113044867	0.1877208292206673	0.18972381949424744
25	12.753565835104597	0.18594634026432805	0.11860515922307968
26	13.008211578777617	0.18499201464091003	0.10350462049245834
27	13.249585139023196	0.18420968573923913	0.08800695836544037
28	13.472416868390878	0.1829935794699574	0.13060754537582397
29	13.708227678479394	0.18214734274652117	0.16268928349018097
30	13.92932716111696	0.18099797920006275	0.064216248691082
31	14.163640857412483	0.18029550838895694	0.056222688406705856
32	14.371934610640295	0.1793834049403762	0.07806150615215302
33	14.586613550855228	0.17843133295097158	0.07214028388261795
34	14.804864087305274	0.17761935920623462	0.13225305080413818
35	15.054729034020466	0.17711846458856134	0.053275976330041885
36	15.252836861850694	0.17620474173936568	0.1521618664264679
37	15.4767901111125	0.17547387300462186	0.15787728130817413
38	15.71632691095945	0.17500090837427845	0.07133857160806656
39	15.977034705978044	0.17485205612728777	0.08560701459646225
40	16.208036981511906	0.17457209253692654	0.0959196463227272
41	16.42876164439044	0.17400953994871032	0.08313533663749695
42	16.684949197790097	0.17379032708247744	0.10811153799295425
43	16.903892161949937	0.17324042866991632	0.11607193946838379
44	17.14374549604309	0.17317335192517197	0.19544078409671783
45	17.355486105881468	0.17265605407021228	0.08206050097942352
46	17.59242468177864	0.17242118516251667	0.0711456686258316
47	17.83871276404374	0.17227095494641478	0.08559351414442062
48	18.054387614632653	0.17191489675155908	0.2442695051431656
49	18.301591429896952	0.1717223816430652	0.05015678331255913
50	18.536486867021107	0.17149834933584476	0.06842222064733505
