1	1.0082	0.0038260904328047615	0.34961336851119995
2	1.01	0.004221374183841091	0.053562797605991364
3	1.009	0.004006769272119399	0.05375281721353531
4	1.0084	0.003872078511600719	0.05438002571463585
5	1.0096	0.004136920593871712	1.5328637914535648e-07
6	1.0098	0.0041793693304133725	0.05440147593617439
7	1.0074	0.0036361287105931292	0.053707852959632874
8	1.008	0.0037795237795256557	1.4811776338774507e-07
9	1.0068	0.003486655704253016	0.05379755422472954
10	1.008	0.0037795237795256557	0.053613439202308655
11	1.0072	0.003587016587639333	0.05364186689257622
12	1.0104	0.0043041040879607095	0.05341046303510666
13	1.0124	0.004695022044676696	0.05158127844333649
14	1.0088	0.003962399273167721	0.05333299934864044
15	1.0106	0.0043448535073118905	0.05392041802406311
16	1.0082	0.0038260904328047615	0.05332774296402931
17	1.0078	0.003732356896118074	0.36127692461013794
18	1.0086	0.003917508391822591	0.3594520390033722
19	1.0094	0.004094014167049244	0.35707536339759827
20	1.0102	0.004262948275548253	0.05355420336127281
21	1.0092	0.004050635505695326	0.05387716740369797
22	1.0096	0.004136920593871712	0.053567346185445786
23	1.0094	0.004094014167049244	1.6302694803016493e-06
24	1.006	0.0032764615059542737	0.053274281322956085
25	1.0118	0.004581415501785456	0.0605570450425148
26	1.0076	0.0036845667316524012	2.443641164973087e-07
27	1.008	0.0037795237795256557	0.053613439202308655
28	1.011	0.004425177962523106	0.06550630927085876
29	1.0094	0.004094014167049244	0.05289100110530853
30	1.0086	0.003917508391822591	7.03199305007729e-07
31	1.0098	0.0041793693304133725	0.05440147593617439
32	1.0086	0.003917508391822591	0.05421091616153717
33	1.0078	0.003732356896118074	0.05433032289147377
34	1.0086	0.003917508391822591	0.05421091616153717
35	1.0086	0.003917508391822591	0.05421091616153717
36	1.009	0.004006769272119399	2.2406453581425012e-07
37	1.0118	0.004581415501785456	0.35771387815475464
38	1.01	0.004221374183841091	0.053562797605991364
39	1.0088	0.003962399273167721	0.05333299934864044
40	1.0086	0.003917508391822591	0.05421091616153717
41	1.0096	0.004136920593871712	0.3525199294090271
42	1.0084	0.003872078511600719	0.05438002571463585
43	1.0064	0.0033832339558476253	0.053056299686431885
44	1.0104	0.0043041040879607095	3.551298277670867e-06
45	1.0108	0.004385207862804277	0.05427992343902588
46	1.005	0.002992490601489053	0.05410121753811836
47	1.008	0.0037795237795256557	0.053613439202308655
48	1.0092	0.004050635505695326	0.05387716740369797
49	1.009	0.004006769272119399	0.36466991901397705
50	1.0128	0.004769181061775744	0.05403585359454155
