1	1.204	0.03913324929008579	0.4430360198020935
2	1.1986	0.038744347613555184	0.3282191753387451
3	1.2022	0.03853371624953919	0.13944484293460846
4	1.2074	0.03862400072493785	0.05153530463576317
5	1.1912	0.03890856728279775	0.5599353313446045
6	1.194	0.038957607729428155	0.7262153625488281
7	1.219	0.039696224001786365	0.06667051464319229
8	1.1874	0.03878899627471688	0.11182644218206406
9	1.2146	0.03897107019315739	0.5719849467277527
10	1.1852	0.037921256941193277	0.026213305070996284
11	1.2064	0.03852633218981532	0.22381523251533508
12	1.1886	0.03878780829075033	0.8501182794570923
13	1.1924	0.038376138836521856	0.07849186658859253
14	1.2062	0.0383831578690446	0.16639898717403412
15	1.1986	0.03885568776897405	0.07142723351716995
16	1.2014	0.03852257094224112	0.04394480213522911
17	1.1882	0.039635910081641884	0.6059538125991821
18	1.2092	0.038732204274995755	0.06373800337314606
19	1.1814	0.03811048769039829	0.6352412104606628
20	1.2236	0.03853109746685136	0.0632113665342331
21	1.2152	0.038775251488546145	0.10968416929244995
22	1.2048	0.03857904260087333	0.3144364356994629
23	1.2004	0.03872301269271285	0.09918232262134552
24	1.1798	0.03925008952856031	0.31798794865608215
25	1.176	0.039129569381734834	0.5856694579124451
26	1.1828	0.03888870643258785	0.03521675989031792
27	1.2038	0.03930493617855142	0.46040624380111694
28	1.2058	0.0392495025191403	0.10249613225460052
29	1.1908	0.03921621664566841	0.5472734570503235
30	1.1884	0.03868268077576837	0.2479078769683838
31	1.2048	0.038783792078650584	0.3277515470981598
32	1.2078	0.03862013060568283	0.09009821712970734
33	1.2114	0.03894711891783525	0.10723244398832321
34	1.1978	0.03859346172604888	0.1149190291762352
35	1.1996	0.03876761163651947	0.14583846926689148
36	1.1822	0.03886136497860054	0.14204725623130798
37	1.1946	0.039030699609410024	0.3098979890346527
38	1.2112	0.039184055532831205	0.08734039217233658
39	1.2154	0.03857311384889739	0.20014208555221558
40	1.192	0.03877170102020286	0.06302719563245773
41	1.1874	0.03823749772147754	0.21139711141586304
42	1.2114	0.038956361123698394	0.17236486077308655
43	1.1952	0.03877079478163943	0.1934525966644287
44	1.1822	0.039138289283002656	0.02192244678735733
45	1.1888	0.038455145403443726	0.26376721262931824
46	1.2052	0.03907591749402693	0.14939166605472565
47	1.1866	0.03914696402021489	0.5013005137443542
48	1.2218	0.03887066461999331	0.09021499752998352
49	1.1828	0.038394940916740575	0.19874818623065948
50	1.1974	0.03913438171224889	0.8806818723678589
