1	8.6058	0.04299966799871819	0.05499129742383957
2	8.011397720455909	0.07077148067859787	0.21524390578269958
3	7.632315521628499	0.08344589974019467	0.06859041005373001
4	7.379055820390589	0.09127559587540468	0.08057720214128494
5	7.208270864567716	0.09378093657902184	0.12150588631629944
6	7.081159420289855	0.09239475063780576	0.07553078979253769
7	7.009035662881817	0.09024198491379061	0.058290768414735794
8	6.940478493583543	0.08776694658675478	0.2696940302848816
9	6.866950757575758	0.08447551778790255	0.11942770332098007
10	6.828501890564562	0.08112922264095468	0.06950332969427109
11	6.763685932388222	0.07787807505423171	0.1356389969587326
12	6.686106240964596	0.0746924062388937	0.05202396214008331
13	6.616094917394507	0.07167699281176415	0.08305291831493378
14	6.550632767591393	0.06861624768994748	0.20457997918128967
15	6.481490279922398	0.06583277743370641	0.06431667506694794
16	6.410397287664088	0.06341309658488178	0.052055731415748596
17	6.352866986587917	0.061071295987435874	0.05266696214675903
18	6.302121423778024	0.058902788158778405	0.07312088459730148
19	6.241063323437769	0.05682159009554512	0.12293548882007599
20	6.185728962980148	0.05489674764635051	0.11855044215917587
21	6.143011397720456	0.05330470202816381	0.1694212257862091
22	6.10767035384154	0.051751058995581675	0.12944763898849487
23	6.063083918288777	0.05012589052279698	0.06217958405613899
24	6.029196414315367	0.048729694974985055	0.05194439738988876
25	5.996811723906477	0.04740673142852547	0.1286797821521759
26	5.969204966940816	0.04621549510989897	0.11954736709594727
27	5.94399078352017	0.04511373959478601	0.051997169852256775
28	5.921269394605793	0.0440506565020464	0.09694261103868484
29	5.890407570041437	0.043014431484610746	0.08799951523542404
30	5.874536723245317	0.04208759824614436	0.06841690093278885
31	5.863923965308048	0.0412556633441376	0.3033715784549713
32	5.845969578707622	0.04038284217806999	0.08480200171470642
33	5.835716431123336	0.0396058819490082	0.12094435095787048
34	5.826738727219338	0.03886721672439933	0.059584010392427444
35	5.8179236097977824	0.03813543750633168	0.2693573534488678
36	5.807285107508222	0.03744666236659881	0.08932356536388397
37	5.80091614693347	0.03677575200583998	0.07993943244218826
38	5.793753346527155	0.036118821045223966	0.3852722644805908
39	5.792759818027812	0.035524805873594224	0.10186101496219635
40	5.793057445431766	0.03497390303059387	0.2041691243648529
41	5.788611279870393	0.03443724242607986	0.05736445263028145
42	5.79333848945044	0.03394314887240708	0.2216108739376068
43	5.793760418053827	0.03345345190147725	0.06305468082427979
44	5.794529759518818	0.032975542648284034	0.08377119153738022
45	5.794305545096267	0.03252753439996439	0.10598963499069214
46	5.797960183583477	0.03210239658428031	0.05799942463636398
47	5.798406264711623	0.03166162256469765	0.0587725006043911
48	5.800942906843956	0.031247310559283675	0.09088041633367538
49	5.803503395144171	0.030865825897221387	0.19702507555484772
50	5.812278580690634	0.03055360060898414	0.05404762551188469
