1	8.7462	0.03541996623375018	0.21722710132598877
2	8.7294	0.03646143376226466	0.9085268378257751
3	8.7294	0.03646143376226466	0.3018958866596222
4	8.7348	0.03613148388870868	0.15990209579467773
5	8.7396	0.0358344151898702	0.1485464870929718
6	8.7216	0.03693031535202475	0.5514984130859375
7	8.7402	0.0357970268039121	0.05977308750152588
8	8.7318	0.036315337916643674	0.40340161323547363
9	8.7204	0.03700166093569334	0.012973174452781677
10	8.7312	0.03635194366192851	0.32513633370399475
11	8.7342	0.036168365293444214	0.7212485074996948
12	8.721	0.03696601412108146	0.3774654269218445
13	8.7318	0.036315337916643674	0.13329459726810455
14	8.7108	0.03756506419533949	0.6278108954429626
15	8.7438	0.035571488695301814	0.005620857235044241
16	8.7408	0.03575958120560136	0.014335106126964092
17	8.7132	0.03742542408577325	0.6336700320243835
18	8.7522	0.03503699884407909	0.6931334137916565
19	8.7222	0.03689456447771087	0.07073619961738586
20	8.7348	0.03613148388870868	0.05050856992602348
21	8.7372	0.035983400172857775	0.16942371428012848
22	8.7354	0.03609454684574949	0.5768536329269409
23	8.7222	0.03689456447771087	0.06309819221496582
24	8.7222	0.03689456447771087	4.166460348642431e-05
25	8.7204	0.03700166093569334	0.07485665380954742
26	8.7228	0.03685876134652393	0.32927098870277405
27	8.709	0.037669273951060275	0.8484406471252441
28	8.7168	0.03721445912545294	0.00084001972572878
29	8.7324	0.03627867737390665	0.055407434701919556
30	8.7174	0.03717912091483628	0.04295569285750389
31	8.73	0.036424991420726464	3.335687142680399e-05
32	8.7132	0.03742542408577325	0.3875989317893982
33	8.7456	0.035457934965251424	0.007604796439409256
34	8.7348	0.03613148388870868	1.8056103954222635e-06
35	8.7534	0.03495967951798216	0.5185982584953308
36	8.7078	0.03773850140108898	0.9529136419296265
37	8.7414	0.03572207821501941	0.011503467336297035
38	8.736	0.036057553993580724	0.21194618940353394
39	8.73	0.036424991420726464	0.053773682564496994
40	8.7246	0.036751036883331256	0.7238065600395203
41	8.733	0.03624196186742642	0.3775942623615265
42	8.727	0.03660666332786945	0.00010665657464414835
43	8.7156	0.037284982928787486	0.5713023543357849
44	8.7354	0.03609454684574949	0.009370708838105202
45	8.736	0.036057553993580724	0.0578511618077755
46	8.7318	0.036315337916643674	0.002290998352691531
47	8.7336	0.03620519122998864	0.6449865698814392
48	8.736	0.036057553993580724	0.2274520844221115
49	8.727	0.03660666332786945	0.42861130833625793
50	8.7306	0.03638849477513428	0.13548870384693146
