1	1.044	0.008701448155335972	0.05380327254533768
2	1.0959808038392322	0.014321049958160189	0.8706650137901306
3	1.0069065794256633	0.011433980438059531	0.031233252957463264
4	0.9540212209749347	0.01525343688926668	0.00037012220127508044
5	0.894552723638181	0.014789681775349953	0.017087895423173904
6	0.8653673163418291	0.01461488390408498	0.15769454836845398
7	0.8157684311530465	0.013611284132904102	0.11022967845201492
8	0.787579802669762	0.01309587895914204	0.11226394772529602
9	0.7771464646464646	0.012535175333669376	0.07818587869405746
10	0.782824112303881	0.01221562411991296	0.08728902786970139
11	0.7898582333696837	0.011898171721359974	0.007225710432976484
12	0.7907169880963366	0.011173470912192613	0.0937362089753151
13	0.8032200357781754	0.01091987962369902	0.052788496017456055
14	0.8144639083907027	0.01049577264871541	0.10580211132764816
15	0.8195549748584551	0.010164495159051833	0.3415044844150543
16	0.8309658349995653	0.009779278396916485	0.05945109948515892
17	0.833994708994709	0.009396689107078514	0.08008112013339996
18	0.8411465823027514	0.009082257642459048	0.13991719484329224
19	0.8443165926543831	0.008703830428447475	0.09898613393306732
20	0.8507495663893768	0.008485418054745836	0.3193242847919464
21	0.858628274345131	0.008259250244717471	0.12287813425064087
22	0.8640441370283855	0.008023899590502898	0.06331301480531693
23	0.867849853138846	0.0077914762632733826	0.04618769884109497
24	0.8741664955939266	0.0076012599780525755	0.06633531302213669
25	0.874084069806466	0.007313726654497052	0.13972817361354828
26	0.879309788743751	0.007156889028469547	0.1905524581670761
27	0.885772954645846	0.007013136474927345	0.05518568679690361
28	0.8904374414907466	0.006860360960575143	0.07669789344072342
29	0.8946337641989816	0.006720906814545386	0.1221735030412674
30	0.9003936951098164	0.006599005840966305	0.060430146753787994
31	0.9050195479261223	0.006452706436449062	0.1749371588230133
32	0.9088497922376447	0.006326618280036598	0.05946044623851776
33	0.9113392772455657	0.0062097446124558305	0.826117992401123
34	0.9173967505845008	0.00611204930452799	0.13121303915977478
35	0.9199815083317573	0.005993530247828279	0.12659578025341034
36	0.9262961310261623	0.0059262145702343155	0.08893398195505142
37	0.9284080540939145	0.005805263179264287	0.06579079478979111
38	0.9341137212790316	0.005741437135561729	0.29995664954185486
39	0.9380262412421677	0.005639912210871728	0.08033698797225952
40	0.9420619429673083	0.005568010592844328	0.30132806301116943
41	0.9466383151073309	0.005501496935332077	0.4353984296321869
42	0.9524866218036291	0.0054463673035199415	0.1386636197566986
43	0.9555083091871737	0.005370363173598394	0.059452563524246216
44	0.9598548219992421	0.005306205742351173	0.10258743166923523
45	0.9635619315376828	0.005234641522697288	0.05433373898267746
46	0.969006789388955	0.00519733216122502	0.07535911351442337
47	0.9728770290079725	0.005128613425773733	0.08096716552972794
48	0.9763466759051007	0.00507754516102581	0.4103812575340271
49	0.981570974680519	0.005034848138013314	0.20129914581775665
50	0.9860112739419509	0.004978262437716917	0.10078072547912598
