1	0.0976	0.012591013938519805	0.05397217348217964
2	0.0924	0.012286253782174614	0.06319064646959305
3	0.0886	0.012056121764481311	0.7289296388626099
4	0.0902	0.012153811254088159	0.002114921109750867
5	0.0914	0.012226318824568577	0.15489642322063446
6	0.0914	0.012226318824568577	0.22414347529411316
7	0.0902	0.012153811254088159	0.000866425281856209
8	0.091	0.0122022211092899	0.09624268859624863
9	0.0922	0.012274301935344428	0.04117143526673317
10	0.088	0.012019184664526958	0.07640296965837479
11	0.0926	0.012298188159237115	2.5206676582456566e-05
12	0.0946	0.01241658213841474	0.002399048302322626
13	0.0846	0.011806655411250045	2.253617310543632e-07
14	0.088	0.012019184664526958	3.2187435863306746e-06
15	0.0952	0.012451768067226438	0.0068899658508598804
16	0.092	0.012262332567664277	0.002270297845825553
17	0.0828	0.011691855626888317	0.22986310720443726
18	0.0904	0.012165940654137682	0.10519174486398697
19	0.0818	0.011627371500042474	0.39807599782943726
20	0.0984	0.012636905950429482	0.26634472608566284
21	0.0862	0.011907359405006637	0.0582849383354187
22	0.09	0.012141663806908837	0.029985656961798668
23	0.0932	0.012333886978564383	0.530097484588623
24	0.0892	0.012092892457968855	0.0001768519141478464
25	0.0874	0.011982079619164613	0.3867112100124359
26	0.099	0.012671156221908085	0.38055285811424255
27	0.0932	0.012333886978564383	0.005715120583772659
28	0.0932	0.012333886978564383	0.039121318608522415
29	0.0894	0.012105112638881144	0.5358656644821167
30	0.093	0.01232200470702718	0.8874287605285645
31	0.0894	0.012105112638881144	0.6998298764228821
32	0.0902	0.012153811254088159	0.41515225172042847
33	0.096	0.012498447903639878	0.747434675693512
34	0.0932	0.012333886978564383	0.02520017884671688
35	0.0986	0.012648338705142266	0.004307135008275509
36	0.0894	0.012105112638881144	0.2128559648990631
37	0.0872	0.011969673679762535	0.11967979371547699
38	0.093	0.01232200470702718	0.003448347095400095
39	0.0872	0.011969673679762535	0.9573774337768555
40	0.0892	0.012092892457968855	0.4148043692111969
41	0.0958	0.012486802953518568	7.562875543953851e-05
42	0.0928	0.012310105117341607	0.38179734349250793
43	0.0986	0.012648338705142266	0.8057502508163452
44	0.0864	0.011919860401867127	0.17412686347961426
45	0.0896	0.01211731455397606	0.5473024845123291
46	0.0944	0.01240481970848428	0.12094420939683914
47	0.086	0.011894839217072252	0.5978527069091797
48	0.0962	0.012510076258760374	0.1361851692199707
49	0.0938	0.012369430383004705	0.05921352654695511
50	0.1026	0.012873687583594688	0.9074627161026001
