1	0.6100222222222222	0.004506794771354823	0.053937144577503204
2	0.6433907662911863	0.00617884860180805	0.19287550449371338
3	0.6431827820186599	0.007835846374134786	0.07236278057098389
4	0.6079858014249834	0.009226659192898508	0.423272967338562
5	0.5738367968793382	0.009600441227470436	0.15092116594314575
6	0.5529211386370306	0.009409881215374179	0.06266053020954132
7	0.5394720819720819	0.008970841413693243	0.7351951003074646
8	0.5271315284136914	0.00844290844096518	0.051034484058618546
9	0.5219202608091497	0.007916638228961978	0.07343342900276184
10	0.5154387779493561	0.007387359097624365	0.336276650428772
11	0.5109947988404134	0.006901266519554636	0.11477357894182205
12	0.5057355300792081	0.00643711375204622	0.07132340222597122
13	0.5034455578593989	0.006017573960226201	0.1634775549173355
14	0.5013752452828691	0.005643678117749979	0.37859755754470825
15	0.5013023663618371	0.005312091642634979	0.35435110330581665
16	0.5007660533982714	0.005005557233540144	0.21961943805217743
17	0.499602701039324	0.004735338706668452	0.18304060399532318
18	0.4986526929101734	0.004485828511276597	0.1565108597278595
19	0.4975849504633186	0.004260013220140354	0.22094452381134033
20	0.4972355431099481	0.004057347318486905	0.2505885362625122
21	0.4962787928296404	0.003870316988712172	0.08425266295671463
22	0.49548516892996197	0.0037013653276816213	0.05009935051202774
23	0.495088008177561	0.003543045317193678	0.06444426625967026
24	0.4943899331309225	0.0033990864415476725	0.058384157717227936
25	0.49386685274327247	0.003264112595955307	0.08853596448898315
26	0.4935567636829511	0.0031410058710942693	0.18564310669898987
27	0.4930252336694518	0.003025895457442226	0.09193212538957596
28	0.492920798501927	0.0029188419531993226	0.08053139597177505
29	0.49302682888517635	0.0028180626386521655	0.2426738739013672
30	0.4933504981326817	0.002725259479241641	0.8068230152130127
31	0.49292075934788104	0.002637986888188644	0.06459330022335052
32	0.4929670868735641	0.002556008945917488	0.052857041358947754
33	0.4930582700827158	0.0024791029803864625	0.05324158817529678
34	0.4931721708084235	0.0024066446728761215	0.058254435658454895
35	0.4929740535790166	0.0023380825881797436	0.06401198357343674
36	0.4928706468800395	0.0022729209595055175	0.18277285993099213
37	0.492866924905232	0.0022113182156238112	0.06220270320773125
38	0.49248665408696957	0.002152633978447439	0.798473596572876
39	0.49238984458350943	0.0020973339978781523	0.06364566832780838
40	0.492390843040146	0.002045068013086024	0.0690174251794815
41	0.4922554572419163	0.0019948323309682383	0.0635228157043457
42	0.492101983203136	0.0019470415943319695	0.37880945205688477
43	0.492015306257545	0.001901132182172317	0.05136270448565483
44	0.4920261364470727	0.0018577246874500449	0.09210365265607834
45	0.491963391171479	0.001816616950049229	0.10052236169576645
46	0.4917157824250858	0.001777176974707569	0.06849394738674164
47	0.4914800997774682	0.0017389342923943628	0.13319498300552368
48	0.49128732350361304	0.0017028911667796168	0.11732189357280731
49	0.49130043362737125	0.0016679611767153632	0.18530358374118805
50	0.4911485794795819	0.0016343465034443548	0.0908191055059433
