1	1.1	0.012727922061357845	0.05386362597346306
2	1.093381323735253	0.014339402924752293	0.8718244433403015
3	1.0334423845874228	0.013813899484538998	0.001363174756988883
4	0.9683223127787175	0.016215277133045672	0.07981810718774796
5	0.9095452273863068	0.015939501003923908	0.3451008200645447
6	0.8655672163918041	0.015118474993068589	0.04068334028124809
7	0.8331201023508715	0.013993167823530099	0.15591374039649963
8	0.8096343586767266	0.012969163486972617	0.06086006015539169
9	0.7891940235690236	0.01184690300004413	0.21912555396556854
10	0.7803902820635403	0.011212482132323417	0.07266486436128616
11	0.7739367502726281	0.010451362417535776	0.09614487737417221
12	0.7716465196395066	0.00989326901042012	0.19330717623233795
13	0.7685204672208776	0.009277403664693384	0.12702533602714539
14	0.769477199918206	0.008868648023806958	0.07643724232912064
15	0.7715880745931821	0.00842212780382829	0.09507589042186737
16	0.7734504042423715	0.008040483469527609	0.06359879672527313
17	0.7770087363110619	0.00776799879841956	0.6576863527297974
18	0.7813248969418081	0.007452770613368625	0.10063973814249039
19	0.780711008611595	0.007130415129455231	0.6373695731163025
20	0.7821120427755499	0.006846221556782816	0.07536915689706802
21	0.7861827634473105	0.006640898413950987	0.06042011082172394
22	0.7856863689659247	0.006374870085131601	0.07702174782752991
23	0.7901959808167803	0.006205027045340214	0.23479744791984558
24	0.7903560593964554	0.005970152146266986	0.07139000296592712
25	0.7940625349591677	0.005841076919851369	0.42582061886787415
26	0.7974326721496533	0.00568794936122728	0.07605770975351334
27	0.7964972601267863	0.00549021722545914	0.12139295041561127
28	0.7994482819744415	0.005347232009352271	0.058610301464796066
29	0.8035489723132744	0.0052411438202256575	0.09733902662992477
30	0.8063010445659019	0.005119699935289634	0.2859240770339966
31	0.8083089920460163	0.005005006232764239	0.12557916343212128
32	0.8126055125436259	0.004919040864346674	0.05081658437848091
33	0.8153632742103766	0.004819850479352075	0.37278318405151367
34	0.8171636936732668	0.004729851808793166	0.07225155085325241
35	0.8207428887628093	0.004635113782304178	0.48761844635009766
36	0.8212834878609087	0.004538365307433684	0.12620942294597626
37	0.826003949555675	0.004476881222291906	0.007848144508898258
38	0.828163780887891	0.004396886075235743	0.05528569221496582
39	0.8288934138857569	0.004301085225831874	0.1626776158809662
40	0.8337882350434975	0.004268771437121074	0.47892144322395325
41	0.835624240583232	0.004190145313161885	0.43530502915382385
42	0.8388255618119655	0.004130386876487145	0.567075788974762
43	0.8412254156889577	0.004073587663786723	0.26984110474586487
44	0.8456355699244101	0.0040445316442233245	0.2571890354156494
45	0.8474533724929086	0.0039745125903161704	0.12999778985977173
46	0.8503354698077173	0.003925574005880688	0.15306386351585388
47	0.8529239531065208	0.0038767434422540626	0.11782195419073105
48	0.8566173033670793	0.003835852415324825	0.17469021677970886
49	0.8596374998242678	0.003805984234709444	0.14164872467517853
50	0.8607754165338783	0.003743543418747357	0.11169269680976868
