1	0.5835111111111111	0.003256437862996264	0.2474747896194458
2	0.5833111111111111	0.0032751588935161354	0.08953002840280533
3	0.5827555555555555	0.0032896232813703044	0.47154727578163147
4	0.5830333333333334	0.003290365430566434	0.11089008301496506
5	0.5824	0.0033334314652221897	0.0982770174741745
6	0.5849555555555556	0.0032798605661420194	0.9473979473114014
7	0.5842444444444443	0.0032952246930638964	0.1758047640323639
8	0.5844777777777778	0.0033469518802768782	0.1425960212945938
9	0.5837555555555555	0.0032553735406077593	0.0679367333650589
10	0.5826111111111111	0.0032878826351045837	0.052484069019556046
11	0.5832444444444443	0.0033293287945504154	0.08938279002904892
12	0.5830111111111111	0.003332971947076671	0.2689550518989563
13	0.5847111111111111	0.003250799012892429	0.10926563292741776
14	0.5851333333333333	0.0032517945814580663	0.0007719743298366666
15	0.5834666666666667	0.0032822707586872566	0.09599173814058304
16	0.5842	0.003336129360667994	0.27327093482017517
17	0.5819777777777777	0.0032909004509066994	0.20614784955978394
18	0.5856	0.0032461390399467827	0.1395377367734909
19	0.5829777777777777	0.003268672037523648	0.22929146885871887
20	0.5835333333333333	0.003273790735184182	0.39404821395874023
21	0.5819777777777777	0.0033147855972228027	0.08439669013023376
22	0.5826888888888889	0.0032196147457593553	0.00653491448611021
23	0.5844666666666666	0.0032930767781311956	0.9540752172470093
24	0.5829333333333333	0.003245122973187782	0.14422379434108734
25	0.5832666666666666	0.003262921799042525	0.05823395773768425
26	0.5842777777777778	0.0032671011615804223	0.052308447659015656
27	0.5845111111111111	0.003270703763887996	0.16049489378929138
28	0.5847555555555555	0.0033467601580567177	0.0015080951852723956
29	0.585311111111111	0.0033743580788714042	0.003432735102251172
30	0.5837	0.0032427324212083337	0.10505754500627518
31	0.5830222222222222	0.003350927433810938	0.10179732739925385
32	0.5845555555555556	0.0033262558196533345	0.354382187128067
33	0.5838777777777777	0.0032491913181932454	0.046968091279268265
34	0.5838222222222221	0.0032737360241100384	0.0016425529029220343
35	0.5842333333333334	0.0032401453671093076	0.07603485882282257
36	0.5820111111111111	0.0032586922734945674	0.10449866950511932
37	0.5847555555555555	0.0033140648421203264	0.2504584789276123
38	0.5851444444444445	0.003278666090551666	0.1206090971827507
39	0.5838222222222221	0.0032498910750977834	0.00013790404773317277
40	0.5836333333333332	0.003305190228178199	0.5336872935295105
41	0.583	0.0032686762526204145	0.0022690652403980494
42	0.5839444444444444	0.003286909220258813	0.020751189440488815
43	0.5837222222222221	0.00329878007754385	0.0750221461057663
44	0.5842666666666666	0.0032507415906050025	0.7050887942314148
45	0.5846888888888888	0.0033656802515324687	0.1772504597902298
46	0.5853222222222223	0.0032399574414214293	0.13134697079658508
47	0.5842111111111111	0.003299621493444354	0.07892259955406189
48	0.5833333333333334	0.0032768548606518537	0.06379926949739456
49	0.5828111111111112	0.0032947025156555014	0.2469564974308014
50	0.5838999999999999	0.003307815626999577	0.16628940403461456
