1	4.9944	0.038660878831190654	0.0905628576874733
2	4.8204359128174366	0.058906726119711206	0.07067513465881348
3	4.671028716830244	0.06904882652282752	0.11672841012477875
4	4.5000768875903425	0.07377134903648233	0.3384483754634857
5	4.355947026486756	0.0746459836157698	0.06531322747468948
6	4.229085457271364	0.072110630345875	0.12091097235679626
7	4.123700623700624	0.06842213954220727	0.05832633003592491
8	4.024827497259302	0.0644737515469613	0.11813521385192871
9	3.9375526094276094	0.06049969518673011	0.05391967296600342
10	3.8680950932243903	0.05642660219963705	0.08644934743642807
11	3.8268629589240275	0.05309534650008241	0.07342079281806946
12	3.78059733628618	0.049859354836790715	0.19892685115337372
13	3.761022834894244	0.04726994181987351	0.07435820251703262
14	3.7259900483947925	0.044822067322227835	0.051901258528232574
15	3.7013501207586015	0.042411595018980806	0.21167489886283875
16	3.688533426062766	0.04039600647905693	0.11881782114505768
17	3.676125876707272	0.0385598055334745	0.12035460025072098
18	3.6694742320281577	0.03699802434536623	0.08326656371355057
19	3.6650065016315416	0.035520511809795784	0.09124507755041122
20	3.665948585379865	0.034137975076552446	0.1067013144493103
21	3.6664867026594683	0.032993655769146354	0.18675079941749573
22	3.665209369120441	0.031843355980327274	0.12319567799568176
23	3.668823949154511	0.03081544231190398	0.05510919541120529
24	3.6701337408666164	0.029908044838996027	0.16565153002738953
25	3.6769143640228212	0.029102639996449006	0.0932583138346672
26	3.6794452507660056	0.02831397888243407	0.15410450100898743
27	3.6823955684490763	0.02758311212309196	0.3059569299221039
28	3.689193306264437	0.026931405811197944	0.13503187894821167
29	3.695873791411549	0.026322414892141686	0.07015855610370636
30	3.695797220579823	0.025649682191265795	0.1948510706424713
31	3.703738821731901	0.025100189364799297	0.16606566309928894
32	3.7114860797117006	0.02461192971184668	0.0932229608297348
33	3.7268329697429574	0.024183632172168262	0.061833374202251434
34	3.7332706396613053	0.023702457048819105	0.21727178990840912
35	3.744426232952993	0.023281801200198852	0.07013896107673645
36	3.755000247905201	0.022875755704050656	0.0919603705406189
37	3.7646827231936406	0.022494594674231864	0.10445836931467056
38	3.7704008732771856	0.022111949449714112	0.10399574041366577
39	3.7762145970415495	0.02176562891661142	0.2334442138671875
40	3.7840437344723186	0.02141250336194144	0.08415225893259048
41	3.7945549817739974	0.021111566637087138	0.06505127251148224
42	3.8024484328054338	0.020820583758840112	0.0666079968214035
43	3.8103971603197855	0.020531197193616197	0.07524164021015167
44	3.8177214413538265	0.020248669841637975	0.06870917230844498
45	3.824528704470718	0.019974743507246106	0.10791538655757904
46	3.834256916877481	0.01973117829729266	0.17069220542907715
47	3.841941187952831	0.019492775533596608	0.0672306939959526
48	3.852053077003448	0.01927741288574011	0.05332304537296295
49	3.862575740535069	0.019068998640876543	0.1496443748474121
50	3.870229947272485	0.018856880239020525	0.10903536528348923
