1	8.2422	0.055303259289123066	0.1762389987707138
2	8.271	0.05458943304340107	0.26949459314346313
3	8.2554	0.05498061032764194	0.2677823603153229
4	8.229	0.05561839803518279	0.7599890828132629
5	8.229	0.05561839803518279	0.23807565867900848
6	8.2668	0.05469581307559104	0.09089970588684082
7	8.2374	0.05541871734351171	0.037587132304906845
8	8.256	0.05496576388989795	0.03192903846502304
9	8.2746	0.05449762115909289	0.10869576781988144
10	8.2842	0.054249927631288164	0.0007141393725760281
11	8.2698	0.05461990779926309	0.6127082109451294
12	8.2272	0.05566079668851323	0.7637635469436646
13	8.2692	0.054635121012037755	0.9534065127372742
14	8.2626	0.05480140720820918	0.22877508401870728
15	8.2476	0.055172181686063464	0.20659831166267395
16	8.2326	0.05553318856323671	0.004389631096273661
17	8.2674	0.054680664151050516	0.20430418848991394
18	8.2722	0.05455889375711345	0.00036385736893862486
19	8.2686	0.05465031813265147	0.07473196089267731
20	8.2896	0.05410875448575764	0.5603402853012085
21	8.2596	0.05487635294004144	0.05300354212522507
22	8.2476	0.055172181686063464	3.308679515612312e-05
23	8.2626	0.05480140720820918	0.19633173942565918
24	8.2662	0.0547109459614802	0.13422666490077972
25	8.259	0.05489129439173389	0.0006725928978994489
26	8.2674	0.054680664151050516	0.003927101381123066
27	8.2494	0.05512820831480015	0.00030203035566955805
28	8.2578	0.054921129704331564	0.10750224441289902
29	8.265	0.054741163670495585	0.38046830892562866
30	8.22	0.05582902470937473	0.25927114486694336
31	8.2716	0.0545741714733263	0.06552443653345108
32	8.2782	0.05440522555784509	0.0010264917509630322
33	8.256	0.05496576388989795	0.10013305395841599
34	8.2578	0.054921129704331564	0.0003248517750762403
35	8.2524	0.0550546059108591	0.010651306249201298
36	8.2848	0.054234307665904605	0.12108513712882996
37	8.2458	0.05521601441610963	0.5115615129470825
38	8.2086	0.05609095178368785	0.13210920989513397
39	8.235	0.0554760759246726	0.21785664558410645
40	8.2122	0.05600882151947167	0.09834203869104385
41	8.2386	0.05538994558581893	0.12524157762527466
42	8.271	0.05458943304340107	0.9134500622749329
43	8.2308	0.05557586209857655	0.5220662355422974
44	8.2452	0.055230594130427316	0.28795695304870605
45	8.2596	0.05487635294004144	0.8747039437294006
46	8.2578	0.054921129704331564	0.000870071176905185
47	8.2458	0.05521601441610963	0.0026851892471313477
48	8.2482	0.055157539539032976	0.06227642670273781
49	8.2572	0.05493602359108297	0.9896500110626221
50	8.274	0.054512963595827656	0.1889106184244156
