1	0.5856	0.030235256770862716	0.17748449742794037
2	0.7514497100579884	0.03158385126122154	0.06214975565671921
3	0.663213376953835	0.029478827243697887	0.07433788478374481
4	0.3870521297862525	0.02336325712976485	0.1290210336446762
5	0.5077461269365318	0.025653505055032597	0.29433661699295044
6	0.4816591704147926	0.020950669700652867	0.051534272730350494
7	0.4321125859587398	0.017671657381155323	0.1667017638683319
8	0.4118785064809441	0.01622114044468156	0.06963173300027847
9	0.5426662457912458	0.016340676147611227	0.33666476607322693
10	0.37967751749315487	0.013085968947605706	0.08376497030258179
11	0.40123591421301347	0.011869645656209234	0.811511218547821
12	0.32309064624281014	0.010308670800505019	0.9845729470252991
13	0.3427338735136273	0.010138036830907155	0.12490441650152206
14	0.4747460977438484	0.009046567523993094	0.16434194147586823
15	0.4934671576196698	0.008528615003251458	0.8888868689537048
16	0.26269668782056854	0.007138517728869852	0.4896244704723358
17	0.260505106435339	0.007013479829261465	0.10735545307397842
18	0.25828231781639893	0.006206354364455243	0.09720437228679657
19	0.23724821511813343	0.005778640785746696	0.4272959530353546
20	0.20745920745920746	0.005270875278556751	0.2880045175552368
21	0.20540891821635673	0.0049826955057307235	0.5276316404342651
22	0.19587169722143954	0.004805351629730637	0.0672011598944664
23	0.19165795456431192	0.004404772227103747	0.0795435830950737
24	0.18659093846703617	0.004341152003477423	0.06427361816167831
25	0.20883907595927956	0.004669072260753529	0.19268010556697845
26	0.18577648766328012	0.003806913081862771	0.0520603284239769
27	0.17039146162386734	0.00362085678427531	0.06354011595249176
28	0.15831980811734533	0.0034592644629370404	0.10603822767734528
29	0.1715680211103552	0.003349576197121105	0.09451339393854141
30	0.15022424758086614	0.003114026901787564	0.2083284705877304
31	0.1417876241405653	0.0029817918100711483	0.06760973483324051
32	0.1382009085129941	0.002869087636154834	0.10400117933750153
33	0.12824069682885958	0.002680387273740404	0.12401363998651505
34	0.12831139674315048	0.00260578529401341	0.7999879121780396
35	0.14211267309672404	0.002590419124996424	0.12308307737112045
36	0.12185697522600691	0.002416293642438629	0.1075734794139862
37	0.1218706645502381	0.0023480503708768197	0.5593088269233704
38	0.1151175758866633	0.002250279929554007	0.3450962007045746
39	0.11224890474507626	0.0021873278245798447	0.11766351014375687
40	0.10972229249159209	0.0020950623725638053	0.07380428165197372
41	0.11065461725394897	0.00207486162603539	0.07980745285749435
42	0.10869287612549122	0.002003459375295388	0.06599446386098862
43	0.10872430213389295	0.0019544784138089246	0.05899390950798988
44	0.10597468365520882	0.0019126677910164319	0.06152479723095894
45	0.10054932181974881	0.001825964154800901	0.08790069818496704
46	0.10393664570188683	0.0018094027440717956	0.023470772430300713
47	0.1007069234096137	0.0017585496009194243	0.0514892153441906
48	0.09926367480712019	0.001717097265732765	0.035731129348278046
49	0.09745223601523949	0.0016785286596918394	0.11837170273065567
50	0.09751470789091626	0.0016500792806174855	0.07649041712284088
