1	1.1264	0.0140982790439117	0.1804690659046173
2	1.1374	0.014606102560231458	0.18100036680698395
3	1.1404	0.014738999694687546	0.8315507769584656
4	1.1364	0.014561286756327538	0.004317881539463997
5	1.1294	0.014240089606459663	0.007510509341955185
6	1.1372	0.014597160271778889	0.02343219704926014
7	1.1366	0.01457027082795649	7.03206897014752e-05
8	1.137	0.014588207566387307	0.047910261899232864
9	1.137	0.014588207566387307	0.6287103295326233
10	1.139	0.014677268138178854	0.007283285725861788
11	1.1436	0.014878248283988281	0.3992966413497925
12	1.1376	0.014615034450866014	0.18943659961223602
13	1.1396	0.014703785634998905	0.0013563130050897598
14	1.1352	0.014507161266078216	0.9516993761062622
15	1.1324	0.014379375229821351	0.6836437582969666
16	1.1306	0.014296102685697237	0.0021029836498200893
17	1.1334	0.014425255353025818	0.007626981940120459
18	1.1286	0.014202523437755693	0.8105446696281433
19	1.1264	0.0140982790439117	0.5446015000343323
20	1.14	0.01472141297566236	0.8926217555999756
21	1.1414	0.01478278972318824	0.7656428217887878
22	1.1278	0.0141647763130944	0.0038722597528249025
23	1.1406	0.014747777866512622	0.11375787109136581
24	1.1518	0.015223736991947814	0.2884342670440674
25	1.1448	0.014929813394681121	0.7145072817802429
26	1.1328	0.014397759825750669	0.5618448853492737
27	1.1434	0.01486961976649033	0.3447552025318146
28	1.1274	0.01414583443986251	0.007783973589539528
29	1.1442	0.014904074879038949	0.0018541504396125674
30	1.1334	0.014425255353025818	0.7288247346878052
31	1.1334	0.014425255353025818	0.5344346761703491
32	1.14	0.01472141297566236	0.915241003036499
33	1.1352	0.014507161266078216	0.36723706126213074
34	1.1378	0.01462395596273458	0.992195188999176
35	1.1318	0.01435171655238496	0.6887055039405823
36	1.1356	0.014525245333556345	0.0535474494099617
37	1.1346	0.01447995552479356	0.12262827903032303
38	1.1264	0.0140982790439117	0.08421233296394348
39	1.1308	0.014305399260419124	0.00512303039431572
40	1.1256	0.01406002674250659	0.4522641897201538
41	1.1378	0.01462395596273458	0.29358574748039246
42	1.1366	0.01457027082795649	0.4910913109779358
43	1.132	0.01436094704398009	0.2230243682861328
44	1.1374	0.014606102560231458	0.855855405330658
45	1.131	0.014314684767748121	0.2404927760362625
46	1.1298	0.014258805279545702	0.7242810726165771
47	1.1366	0.01457027082795649	0.9687345027923584
48	1.1362	0.014552292190579453	0.00032400881173089147
49	1.1394	0.014694956685883769	0.7433863282203674
50	1.1396	0.014703785634998905	0.007254260592162609
