1	8.3634	0.05204010753255583	0.05384586378931999
2	7.652069586082783	0.09102890503928264	0.29303687810897827
3	7.3607778989458374	0.11456463030483746	0.15182681381702423
4	7.174996155620483	0.12789858947210636	0.25680139660835266
5	7.0066216891554225	0.13245510572115615	0.06359080225229263
6	6.860669665167416	0.13097229320039544	0.07450029999017715
7	6.723812569966416	0.12676684447554257	0.1578987091779709
8	6.592764557941575	0.12185515160516278	0.2903479337692261
9	6.473169191919192	0.1164702489738388	0.10171708464622498
10	6.370811421617628	0.11063323405153114	0.06167985126376152
11	6.306979280261723	0.10596755405193024	0.05017857998609543
12	6.238596167451017	0.1008368603763404	0.07094073295593262
13	6.212695990739767	0.09664669293015916	0.0666634663939476
14	6.1505237089041875	0.09248110212244841	0.0621807798743248
15	6.129845191432079	0.08878870385952085	0.13296236097812653
16	6.113918108319568	0.08560559224275247	0.1550513207912445
17	6.103251507321275	0.08276452255754971	0.09936193376779556
18	6.100086281276963	0.08008784064852636	0.17000636458396912
19	6.102406830393288	0.07760657646978107	0.14024056494235992
20	6.117003060131022	0.07539488443351539	0.07751766592264175
21	6.132793441311738	0.07355362223044185	0.19456760585308075
22	6.141645685823615	0.07161797092145954	0.07240038365125656
23	6.1593899868903605	0.06993758649501439	0.05467688664793968
24	6.175436995810618	0.06847095412652983	0.17786017060279846
25	6.2071540440765185	0.06721911454077244	0.09135625511407852
26	6.229040477342364	0.06598558388349358	0.1817067265510559
27	6.254467963181835	0.06486047619389931	0.09737209975719452
28	6.28101059675284	0.06377455166896898	0.19478872418403625
29	6.309001793555569	0.06274663971765505	0.055533066391944885
30	6.3232097447951965	0.06160443105543706	0.19515055418014526
31	6.35244236732126	0.06067190506786559	0.08349341154098511
32	6.389086056135831	0.06000938710704866	0.1271081119775772
33	6.432755540801163	0.05929670408082795	0.07531695067882538
34	6.464924377306873	0.05857261292798564	0.23755215108394623
35	6.500966609930867	0.05790680051299804	0.09550952166318893
36	6.536314806551308	0.057251012890938244	0.06002383679151535
37	6.5700858653401495	0.05660019997674709	0.08418536931276321
38	6.601703363832953	0.05603028957400931	0.1671612411737442
39	6.629077405493945	0.055441759566110985	0.19046862423419952
40	6.6597450597674275	0.05486354787495264	0.09764622151851654
41	6.69905579181855	0.05438724205112972	0.07892340421676636
42	6.730012215660621	0.053901234633019234	0.05289990082383156
43	6.7659858291508055	0.053490857614293924	0.05449099838733673
44	6.801889416769066	0.053085112584584454	0.05319817364215851
45	6.8301913631381215	0.05260300987652853	0.0819382518529892
46	6.869679728824406	0.0522766673827239	0.10839573293924332
47	6.900137021429693	0.051871414883608566	0.05528413504362106
48	6.94097300507564	0.05159041264379894	0.08591504395008087
49	6.979905034373199	0.05126876195558551	0.15732435882091522
50	7.011570713381188	0.050892929618675115	0.09321551024913788
