1	1.1092	0.013232371216074616	0.510661780834198
2	1.1096	0.01325360750890112	0.7863590121269226
3	1.1174	0.013656904187992251	0.6450251340866089
4	1.112	0.013379865470175684	0.6889994144439697
5	1.1146	0.01351444826842739	0.3189837336540222
6	1.1022	0.01285143135996919	0.07219590991735458
7	1.108	0.013168325633883739	0.911517858505249
8	1.1148	0.013524708055998843	0.005335765890777111
9	1.1062	0.013071297104725283	0.2717073857784271
10	1.1092	0.013232371216074616	0.9250068068504333
11	1.1134	0.013452612831714162	0.05272877961397171
12	1.1176	0.013666983280885378	0.09840370714664459
13	1.102	0.012840280370770712	0.08988545835018158
14	1.1022	0.01285143135996919	0.42190197110176086
15	1.107	0.013114564422808709	0.9673798084259033
16	1.11	0.013274788133902543	0.12550172209739685
17	1.1116	0.013358959240898988	0.9563098549842834
18	1.0996	0.012705263161383165	0.11565440893173218
19	1.109	0.013221732110430914	0.5277175307273865
20	1.1112	0.013337998650472267	0.08343660086393356
21	1.1136	0.013462951830857908	0.979424238204956
22	1.1076	0.01314686396065618	0.7826592326164246
23	1.1076	0.01314686396065618	0.44852396845817566
24	1.108	0.013168325633883739	0.3104395568370819
25	1.1094	0.01324299633768734	0.0016308642225340009
26	1.1054	0.013027797664993127	0.86553555727005
27	1.1086	0.01320041181175799	0.44017136096954346
28	1.108	0.013168325633883739	0.09877695143222809
29	1.1108	0.013316983442206418	0.36000049114227295
30	1.1108	0.013316983442206418	0.13344722986221313
31	1.1162	0.013596161517134147	0.6628611087799072
32	1.1102	0.013285357654199598	0.6876721382141113
33	1.1022	0.01285143135996919	0.1397261917591095
34	1.1088	0.013211078986971499	0.9825090765953064
35	1.104	0.012951108060702755	0.5177210569381714
36	1.1092	0.013232371216074616	0.06684902310371399
37	1.0996	0.012705263161383165	0.027806229889392853
38	1.1046	0.01298406377063822	0.29170864820480347
39	1.1038	0.012940093044487743	0.013148360885679722
40	1.113	0.013431894877492152	0.15947572886943817
41	1.11	0.013274788133902543	0.6149312853813171
42	1.1106	0.013306455275542018	0.050514061003923416
43	1.1082	0.013179035169541043	0.9455994367599487
44	1.1046	0.01298406377063822	0.335715651512146
45	1.1114	0.013348485756819017	0.0532630980014801
46	1.1014	0.01280673541539765	0.18788769841194153
47	1.11	0.013274788133902543	0.06024780496954918
48	1.1096	0.01325360750890112	0.7373219728469849
49	1.1074	0.013136111753483231	0.05307954177260399
50	1.1074	0.013136111753483231	0.20184540748596191
