1	4.9978	0.04233711478124137	0.05387672409415245
2	4.774445110977805	0.06331384566663836	0.4317910075187683
3	4.61704834605598	0.07752639352811128	0.10344576835632324
4	4.457481162540366	0.08465542860185633	0.3032175898551941
5	4.31071964017991	0.08454848344398182	0.10401134192943573
6	4.190804597701149	0.08152214631781735	0.13003459572792053
7	4.105709259555414	0.07690704432883055	0.0619451105594635
8	4.049719481524473	0.072984990345821	0.06444115191698074
9	4.014520202020202	0.06873453290443188	0.05531657859683037
10	3.988786996392716	0.065043741509577	0.11826037615537643
11	3.975608869501999	0.06152777999098126	0.0534881167113781
12	3.9788071729568455	0.05853749819879758	0.0799260064959526
13	3.9819530674523835	0.05557965059135593	0.07924997806549072
14	3.9972735328198485	0.053260128137201435	0.2544334828853607
15	4.006968365205686	0.05094680953542529	0.084569051861763
16	4.019994783969399	0.04878935186107013	0.06025801971554756
17	4.02457856527624	0.046882282937164135	0.12259239703416824
18	4.041154799567224	0.04530644730471192	0.14277797937393188
19	4.055901764027577	0.043849087756990174	0.0985286682844162
20	4.071973839746351	0.042626530983734645	0.0895572379231453
21	4.084033193361328	0.04131739478450961	0.18254627287387848
22	4.098126721262305	0.040249047590290334	0.1615525484085083
23	4.114618078027248	0.03916948331382886	0.2953202426433563
24	4.122533701329806	0.03812211934307938	0.06665463745594025
25	4.138627083566394	0.037193747049569306	0.05177699029445648
26	4.157671343331721	0.036450145429936937	0.2116052657365799
27	4.174540071391903	0.03572567861879286	0.05644935369491577
28	4.192115306851607	0.03499714462287247	0.21889114379882812
29	4.207511287030738	0.034260653813650066	0.06487859785556793
30	4.225550283854655	0.033642675430355505	0.05191066861152649
31	4.2406551925583065	0.03306440606621929	0.17040984332561493
32	4.256766485216667	0.03251369917715252	0.06235026195645332
33	4.276225931897942	0.03203449407456373	0.10819905251264572
34	4.2949117766221985	0.03154763120419032	0.08058497309684753
35	4.310992736416679	0.03107152928716004	0.06485851109027863
36	4.329644503941693	0.03065956167254951	0.08540304005146027
37	4.351110500068742	0.030297830661734963	0.10072628408670425
38	4.370628067341741	0.029951217668665334	0.104507677257061
39	4.388233512276392	0.029571493250769004	0.09254664927721024
40	4.403617200876607	0.029217582310523158	0.050107575953006744
41	4.418858849736735	0.02884051238359536	0.21119995415210724
42	4.4388891699856154	0.028566778231172835	0.09221947938203812
43	4.460841893548728	0.028305106044557243	0.08806079626083374
44	4.482416771257034	0.02808115428442432	0.06930073350667953
45	4.500043929010719	0.027805869827695454	0.0894850641489029
46	4.516977472027517	0.027554860433341412	0.10283489525318146
47	4.538218644865715	0.027347600766841153	0.06569315493106842
48	4.554712976150542	0.02711520832075332	0.06635613739490509
49	4.575520869944188	0.02691467614945895	0.05209429934620857
50	4.595562929875946	0.02669277630960879	0.11703665554523468
