1	0.6094444444444445	0.004390330283703047	0.05389159917831421
2	0.6217423182030261	0.005954804321821133	0.18552927672863007
3	0.641581849024597	0.008563708267749593	0.0747779831290245
4	0.5994286824884243	0.010127944986551013	0.2647165358066559
5	0.5684910471351625	0.01030772735958021	0.0730009526014328
6	0.549038512489787	0.010009698200738895	0.07294182479381561
7	0.5343422522268676	0.009436134990795248	0.17953276634216309
8	0.5240610428733304	0.008800057280481766	0.07899478822946548
9	0.5183136485397564	0.008167041303670894	0.1615440994501114
10	0.5097266688086857	0.007553263218082428	0.11961115896701813
11	0.5044623986453906	0.006991144669692842	0.5143265724182129
12	0.5005078432317565	0.006491067434530705	0.5168640613555908
13	0.4974613331717104	0.006043082419310149	0.3927285671234131
14	0.49545817349448884	0.005654371154920512	0.14055189490318298
15	0.49477078415673	0.00530469975094575	0.07484085112810135
16	0.493776512794431	0.004994512729079968	0.08039597421884537
17	0.49147906412750975	0.004709723923052927	0.06026991829276085
18	0.4909627948513622	0.004455907842327177	0.29928353428840637
19	0.4901666401559532	0.00422932593119881	0.06156698241829872
20	0.48941780660233	0.004024924810875798	0.26821818947792053
21	0.4887016544327113	0.0038365882911067907	0.0873061865568161
22	0.4877625006154446	0.0036650964509514893	0.07332734763622284
23	0.48754086431865945	0.003506387042679566	0.020052805542945862
24	0.48731772569126913	0.0033624910521659803	0.08797155320644379
25	0.4872034744305214	0.003229156982805342	0.30966684222221375
26	0.48675394197334404	0.0031061207657975694	0.12593895196914673
27	0.4865188021149295	0.0029924513524489556	0.06038684770464897
28	0.48689980548694345	0.0028860611480441964	0.08859904855489731
29	0.48663880999320763	0.0027865966863225406	0.09794782102108002
30	0.486698137064771	0.0026942552679419954	0.24213293194770813
31	0.4866782117858957	0.002607402135124493	0.11211907863616943
32	0.4862794640412239	0.002526312184082488	0.09172727912664413
33	0.4860402941472871	0.0024486868454880197	0.1395300328731537
34	0.48555200497040796	0.0023762963948668284	0.25787949562072754
35	0.4852463322097028	0.0023084285535635886	0.22626321017742157
36	0.4851998047130434	0.0022441082047569994	0.0857621282339096
37	0.48523964323486024	0.0021831817645920045	0.06985459476709366
38	0.485070188019664	0.0021256324975271676	0.05311552435159683
39	0.4848940945731607	0.002071043870729189	0.11568772792816162
40	0.4847346045515978	0.0020192403967312484	0.06800071150064468
41	0.4847034658527149	0.0019692813891741662	0.07311040908098221
42	0.4845359711170452	0.001922442055619836	0.058620356023311615
43	0.484528718451517	0.0018774474580982125	0.13878193497657776
44	0.4843739286640722	0.001834621153736571	0.06585998088121414
45	0.484431650699827	0.0017936466173715465	0.07166973501443863
46	0.4841946728593323	0.0017545969902403545	0.10804013907909393
47	0.48394088426107823	0.0017170206751670547	0.07154671847820282
48	0.48400702677845403	0.0016809644664984198	0.05844845995306969
49	0.4839368875706439	0.0016464961781437644	0.05285785347223282
50	0.4839431265591065	0.0016134297161063218	0.13135717809200287
