1	1.7866	0.04199700932209341	0.05386124178767204
2	1.5402919416116776	0.04469863482763863	0.23995955288410187
3	1.5116321337695384	0.04726071606163848	0.1063012033700943
4	1.3132400430570506	0.04420772218718927	0.06175621226429939
5	1.0924537731134434	0.04449324539115711	0.08657313883304596
6	0.9505247376311844	0.03716993311445091	0.06505265086889267
7	0.8938109707340477	0.033321535622725135	0.2872304320335388
8	0.7216740826723416	0.030394163761101413	0.12556220591068268
9	1.1850799663299663	0.027915040098555447	0.13692602515220642
10	0.6815159285496979	0.024608410732810754	0.013749693520367146
11	0.5606324972737187	0.022527034328552846	0.07448336482048035
12	0.5392636338470056	0.021052309677766196	0.32273897528648376
13	0.5181784699568557	0.01989071713203279	0.09671720862388611
14	0.5195964828573376	0.01885706729001537	0.06101899594068527
15	0.5220532921566299	0.017933845210737234	0.056254513561725616
16	0.5023385203859863	0.017159744644732564	0.05522606521844864
17	0.4909253106927525	0.016400824423586258	0.06912171095609665
18	0.49403563553692975	0.015480312842624732	0.6204509735107422
19	0.48385632621016217	0.015101264701057722	0.10113867372274399
20	0.4813795998630122	0.014515773539760152	0.10390176624059677
21	0.48099380123975205	0.014010341130019748	0.21370676159858704
22	0.484534770634697	0.01368804969804739	0.05532585084438324
23	0.487529247772191	0.013226237836771414	0.06095123663544655
24	0.48307900519300806	0.012818504602505016	0.23768563568592072
25	0.4840306521982325	0.012479868078379527	0.0502423457801342
26	0.4794517013384938	0.012048379812649718	0.1113818809390068
27	0.48439048267134655	0.011876101393069965	0.3040775954723358
28	0.4860934929401142	0.011565979785913857	0.07304501533508301
29	0.486388562475519	0.011304015775133716	0.19997256994247437
30	0.49225348388926543	0.011126960259982874	0.06194998696446419
31	0.49356940637217456	0.01084761411009527	0.1614655703306198
32	0.4927904147248149	0.010645243844291039	0.08122070133686066
33	0.5003754465838313	0.010523571506022556	0.0526355504989624
34	0.5008233190723814	0.010316220924843333	0.23210948705673218
35	0.5040695678973433	0.01014382732792828	0.08606282621622086
36	0.5069198605120069	0.009940281469673684	0.06125502660870552
37	0.5094208151582947	0.00979516116629994	0.1872689127922058
38	0.5133017983238521	0.009633549330019225	0.23443980515003204
39	0.5163292552266519	0.009509560156166138	0.10636280477046967
40	0.5202682011721819	0.00941213015656965	0.08461903035640717
41	0.5226787160793843	0.009263554937975628	0.3939880430698395
42	0.5265817112044352	0.009131684820508877	0.2067701518535614
43	0.530520592732733	0.009034101188926839	0.0813782662153244
44	0.535822474553328	0.008972318359110885	0.13244490325450897
45	0.5397327442662182	0.00885911393635836	0.14653226733207703
46	0.5433410993010629	0.008767898239093722	0.2296915203332901
47	0.5491325165631351	0.008691881537982334	0.05056355148553848
48	0.5511440810782572	0.008569421361570793	0.11379877477884293
49	0.5566859034738721	0.008515640913456558	0.11629233509302139
50	0.5624594257810063	0.008449480885143058	0.19969278573989868
