1	2.0146	0.017533291533536943	0.000734762114007026
2	2.0054	0.018227109260658975	0.0012861539144068956
3	2.0166	0.017774813416742252	0.02521698735654354
4	2.0088	0.01748887097556614	3.198056947439909e-05
5	2.0022	0.01768703728723379	2.9241334686957998e-08
6	2.012	0.01771047147876084	4.993121910956688e-05
7	2.0072	0.017386968913528266	2.5962166546378285e-05
8	2.0116	0.017670251611111788	0.022178376093506813
9	2.005	0.017148615104433374	3.107071097474545e-05
10	2.0008	0.0173689046286748	8.881508256308734e-05
11	2.0028	0.01837568741571316	8.166134435327876e-09
12	2.0132	0.017214132798372427	0.001020599389448762
13	2.0132	0.017401332362781897	2.6301526304450817e-05
14	2.0158	0.017366365422851145	0.0029998307581990957
15	2.0058	0.017583499310433126	2.665982776761666e-07
16	2.012	0.01771047147876084	0.0017031048191711307
17	2.0154	0.017593553137442087	2.8938939067302272e-05
18	2.0164	0.017540691890572627	0.026301464065909386
19	2.01	0.0175082837536979	0.000357199547579512
20	2.0072	0.01793729879329659	7.947145059006289e-05
21	2.0182	0.017382858453085244	0.001988755539059639
22	2.0044	0.01724311897540586	1.2961348147655372e-05
23	2.0122	0.01820143093275911	1.5362831618404016e-05
24	2.0102	0.017497792089289407	9.606045205146074e-05
25	2.007	0.01750062284605892	5.003327896702103e-05
26	2.0036	0.017979340143620376	5.61042434128467e-05
27	2.0104	0.017671596192760836	0.000953506154473871
28	2.015	0.01738835817436479	3.117911910521798e-05
29	2.0156	0.017397757096821433	0.0192283745855093
30	1.9986	0.01770752585766853	2.6937110305880196e-05
31	2.016	0.0171259802639148	8.778380106377881e-06
32	2.0162	0.017592259888939792	0.006254629231989384
33	2.0144	0.017949561331687132	0.011297243647277355
34	2.0096	0.017692770048808072	5.5308999435510486e-05
35	2.0106	0.017904126675155053	0.00024619558826088905
36	2.0082	0.017209269827624885	2.4908829345804406e-06
37	2.0152	0.017315430344060145	0.00427991570904851
38	2.01	0.01785441121963987	9.157599833997665e-08
39	2.0176	0.0178639982086878	7.091990119079128e-05
40	2.0022	0.017065499934077504	1.5946809071465395e-05
41	2.007	0.01743880156432774	4.179927373115788e-07
42	2.0024	0.017697164518645347	3.903108517988585e-05
43	2.0092	0.01767279400660804	1.6647584288875805e-06
44	2.0132	0.01700371629967992	0.000759894959628582
45	2.02	0.017677103835187457	0.0002695837465580553
46	2.015	0.017736826097134714	0.00011779701162595302
47	2.012	0.017588086877201852	0.0004568078729789704
48	2.0054	0.017746760605811995	0.003066940000280738
49	2.0142	0.01765664316907373	0.11134567856788635
50	2.0072	0.01730395006927605	4.793870903085917e-05
