1	0.2881931972789115	0.0008183959809739548	0.16348576545715332
2	0.28820272108843537	0.0008148757700511167	0.24582961201667786
3	0.28792789115646256	0.0008073803071868644	0.0929165631532669
4	0.2883292517006803	0.0008223166268144461	0.5130822062492371
5	0.2881312925170068	0.0008142070398287939	0.020189909264445305
6	0.2874625850340136	0.0008077586597976508	0.37328389286994934
7	0.28828843537414967	0.0008144781850173799	0.2622211277484894
8	0.28846190476190475	0.0008133473591874744	0.05916428193449974
9	0.2880625850340136	0.000820024123739779	0.06853089481592178
10	0.287969387755102	0.0008178484664772304	0.01696622744202614
11	0.2878510204081633	0.0008148962567127607	0.10192879289388657
12	0.287938775510204	0.0007967013940013694	0.20778802037239075
13	0.2877925170068027	0.0008170924850424765	0.13858824968338013
14	0.28812789115646253	0.0007890133210692334	0.004564302507787943
15	0.28832312925170067	0.0007942146994073243	0.23241664469242096
16	0.288125850340136	0.0008036971913249857	0.05530223250389099
17	0.2881190476190476	0.0008021154740139663	0.0048988135531544685
18	0.2880312925170068	0.000808538958232923	0.08457906544208527
19	0.28799795918367344	0.0008050732262503712	0.18408966064453125
20	0.2877938775510204	0.0008015601982094521	0.0005167846102267504
21	0.2879115646258503	0.0008018185806246334	0.5121637582778931
22	0.2884306122448979	0.0008098986475121395	0.3612322211265564
23	0.28820272108843537	0.0008041018520196826	0.01220679096877575
24	0.2880469387755102	0.0007959848004718837	0.6157317757606506
25	0.2881700680272109	0.0008187707794845434	0.08685708791017532
26	0.28824217687074827	0.0008172960283770205	0.00488528935238719
27	0.2879312925170068	0.0008143005057221295	0.17179317772388458
28	0.288365306122449	0.0008013412283570951	0.5715689659118652
29	0.2877414965986394	0.0008199712513118932	0.07583822309970856
30	0.2875544217687075	0.0007984616482639767	0.06419087201356888
31	0.2881891156462585	0.0008158186971414723	0.07315181195735931
32	0.28841768707482995	0.0008213150252362595	0.15210473537445068
33	0.2878700680272109	0.0008025949371068525	0.028022319078445435
34	0.28874285714285713	0.0008056649158829795	0.11438074707984924
35	0.2884421768707483	0.000814385396179844	0.08418689668178558
36	0.28799795918367344	0.0007972963221033308	0.6358755826950073
37	0.2880775510204082	0.0008125172981850838	0.1460317224264145
38	0.28802721088435373	0.0008119320492779726	0.08013924211263657
39	0.2885897959183673	0.0007979030571628088	0.10072752088308334
40	0.2877612244897959	0.0008016179593607457	0.14179231226444244
41	0.28813877551020406	0.0008235385015125582	0.06655111163854599
42	0.2882224489795918	0.0008019193089659753	0.07112348079681396
43	0.2882619047619048	0.0007941057197947375	0.209570050239563
44	0.28847619047619044	0.0008040383288867867	0.7004379034042358
45	0.2880768707482993	0.0008015048689665478	0.25907641649246216
46	0.28801972789115643	0.0007995832311941216	0.03489784523844719
47	0.2877571428571428	0.0008187703170934366	0.18061333894729614
48	0.28803537414965985	0.0008081778271209366	0.6706830859184265
49	0.28797687074829925	0.000806733286523637	0.004675974138081074
50	0.28803945578231294	0.0008178033967088078	0.3714432418346405
