1	1.184	0.02743463504404607	0.14607444405555725
2	1.1928	0.028232794548184552	0.05365914851427078
3	1.1954	0.028002034068974346	0.42922964692115784
4	1.1902	0.028219906590915576	0.025408338755369186
5	1.1824	0.02821691747870416	0.1676323264837265
6	1.208	0.02779289117742162	0.057844094932079315
7	1.1882	0.027573272711087463	4.8200156015809625e-05
8	1.1872	0.02836408094756465	7.910793647170067e-05
9	1.1684	0.027731472950422224	0.000433204579167068
10	1.1916	0.02736715169687924	0.018482262268662453
11	1.2056	0.028312392198470267	0.13939017057418823
12	1.2042	0.02751189284654911	0.12901848554611206
13	1.1964	0.028264618730844404	0.6640883684158325
14	1.187	0.027180430460167472	0.18804283440113068
15	1.1982	0.0283374340405055	0.055038027465343475
16	1.2024	0.028085968596436195	0.06282408535480499
17	1.2022	0.02761679358651182	0.06939446181058884
18	1.203	0.027684360205719034	0.08228830248117447
19	1.1934	0.028167953280279344	0.395412802696228
20	1.1828	0.02757991094981998	0.7500807046890259
21	1.1906	0.028494367022273016	0.0003522885381244123
22	1.1998	0.0282535648724192	0.18801715970039368
23	1.1792	0.027752427785691106	0.6649063229560852
24	1.1866	0.027684016905066357	0.07881592959165573
25	1.1906	0.02809998135230698	0.3894667625427246
26	1.1856	0.027585408316717016	0.14476728439331055
27	1.1814	0.028004450931950087	3.382976137800142e-05
28	1.1826	0.028322835874961386	0.06558654457330704
29	1.1956	0.027368835415486716	0.31854933500289917
30	1.2006	0.027806606265418303	0.02974582649767399
31	1.2006	0.027806606265418303	6.460287295340095e-06
32	1.1994	0.027809195457617973	0.10500362515449524
33	1.2154	0.027892025957251654	0.00327957421541214
34	1.1724	0.02749146834928974	0.3892165720462799
35	1.1998	0.028151446286114677	1.918373891385272e-05
36	1.1804	0.02758224994448423	0.09687700122594833
37	1.1836	0.027881963202041567	7.881987585278694e-06
38	1.1924	0.02790426548038849	0.9985470175743103
39	1.1744	0.02805231455691311	0.6795808672904968
40	1.2058	0.028682458890408963	0.16262653470039368
41	1.2028	0.028450129841531474	0.000617105804849416
42	1.2068	0.027976789808696778	0.5254624485969543
43	1.1884	0.028145866339482257	0.47513020038604736
44	1.1872	0.02798072708133225	0.0008733610739000142
45	1.1832	0.02779618621321997	0.12031842768192291
46	1.1862	0.027960565230338248	0.02323029190301895
47	1.1868	0.027817806671267233	0.0020174847450107336
48	1.1918	0.028072459243892407	0.8470731377601624
49	1.2196	0.02826298837702765	0.2148319035768509
50	1.1946	0.02788324787394753	0.016316695138812065
