1	2.479	0.02611065299834532	0.15777495503425598
2	2.4864	0.02613325605430749	0.28753599524497986
3	2.4966	0.02590403814079962	0.4905555248260498
4	2.4958	0.025945486081397646	0.26182329654693604
5	2.5048	0.025945298764901523	0.12026184052228928
6	2.4832	0.026047110549924708	0.019023125991225243
7	2.5052	0.025847849581735034	0.321199506521225
8	2.4952	0.025806172284939886	0.5663504600524902
9	2.4892	0.026066646274501837	0.3700796067714691
10	2.4906	0.02606762267641601	0.11016438901424408
11	2.4978	0.025918165212838684	0.06358055025339127
12	2.5	0.025820921749620016	0.0749611184000969
13	2.5066	0.025916820638342157	0.2237563580274582
14	2.4842	0.026199821526109675	0.3894703984260559
15	2.4868	0.025632915713979913	0.05546102300286293
16	2.4818	0.02599007056550639	0.1199684888124466
17	2.5004	0.025765087075342877	0.12152352184057236
18	2.4792	0.026207274715238867	0.07159151881933212
19	2.4896	0.02631435562577964	0.10907742381095886
20	2.4778	0.026026004072849926	0.09187448024749756
21	2.4918	0.02624726591475766	0.5232378244400024
22	2.4958	0.025792406789596035	0.0452842079102993
23	2.4916	0.026040602758000825	0.10203579813241959
24	2.4804	0.026195200171023704	0.9921237230300903
25	2.4944	0.026275912010813217	0.176942840218544
26	2.4908	0.026260381718474682	0.18438847362995148
27	2.5056	0.025539450894645342	0.09986484795808792
28	2.4834	0.025853123447661004	0.873331606388092
29	2.4698	0.02608061210938114	0.08382316678762436
30	2.4964	0.02584833983063518	0.20878581702709198
31	2.4934	0.02591682063834222	0.22623318433761597
32	2.4928	0.025874827303771532	0.21562665700912476
33	2.4918	0.025971502998478918	0.2882460355758667
34	2.4896	0.02594234592321984	0.02046366222202778
35	2.5026	0.025736896316378155	0.12516628205776215
36	2.4874	0.02623040663047372	0.19923707842826843
37	2.4918	0.02580463074721277	0.3226124942302704
38	2.4824	0.02572629845119578	0.6784553527832031
39	2.5062	0.025763749882344325	0.08640430867671967
40	2.4834	0.026198931123234785	0.13980616629123688
41	2.4948	0.02588959883814344	0.060016606003046036
42	2.4958	0.025945486081397646	0.07474847137928009
43	2.4904	0.025789806358326887	0.232455775141716
44	2.5004	0.025779055684799636	0.6115812063217163
45	2.467	0.02663456025542752	0.9541299343109131
46	2.488	0.025815902076046053	0.0534525066614151
47	2.4964	0.02579257009295509	0.005246131680905819
48	2.4856	0.026461042156347526	0.5998029708862305
49	2.4982	0.02584867826408145	0.2344636619091034
50	2.4852	0.025993955605101746	0.8186401128768921
