1	43.0556	0.10627716383118373	0.0027337928768247366
2	43.0836	0.1074235536183789	0.04469802603125572
3	43.0486	0.10598654854272802	0.14963670074939728
4	43.043	0.10575288081182599	2.272472011100035e-05
5	43.0388	0.10557693975485269	0.3328668773174286
6	43.05	0.1060448018528033	0.11105664819478989
7	43.0514	0.10610298992959576	0.00033998527214862406
8	43.0486	0.10598654854272802	0.06496509164571762
9	43.0122	0.10444870553530164	0.004101167432963848
10	43.0374	0.10551816067388672	0.27803224325180054
11	43.0598	0.10645075447360523	0.37565478682518005
12	43.085	0.10748020748026033	0.17365624010562897
13	43.092	0.1077625389455931	0.1017974317073822
14	42.987	0.10335712747556236	0.31816500425338745
15	43.1004	0.10809928636212204	0.7285479307174683
16	43.1032	0.10821104180258087	0.007495040539652109
17	43.0332	0.10534142569758417	0.03372259810566902
18	43.043	0.10575288081182599	0.015487120486795902
19	43.092	0.1077625389455931	0.07309360057115555
20	43.043	0.10575288081182599	0.1001928523182869
21	43.0892	0.10764979353440626	0.32480254769325256
22	43.085	0.10748020748026033	0.29631534218788147
23	43.0542	0.10621917081205198	0.09437180310487747
24	42.9828	0.10317299786281448	0.4543379545211792
25	43.0696	0.10685354702582224	0.013142196461558342
26	43.0304	0.10522326982184102	0.7760198712348938
27	43.0136	0.10450869376276911	0.03780066967010498
28	43.0234	0.10492670962152474	0.028258174657821655
29	43.0402	0.1056356527314541	0.003927148412913084
30	43.0934	0.10781881835746264	0.6479656100273132
31	43.0556	0.10627716383118373	0.12372777611017227
32	43.0724	0.10696805519406134	0.946164608001709
33	43.106	0.1083225516686154	0.0052315485663712025
34	43.0682	0.10679619734803647	0.18403132259845734
35	43.0962	0.10793119108024182	6.287964788498357e-05
36	43.0668	0.10673878380420113	0.23766584694385529
37	43.0066	0.10420806874709962	0.05114598944783211
38	42.9912	0.10354062298441208	0.33160242438316345
39	43.0318	0.10528238109009766	0.581958532333374
40	43.1004	0.10809928636212204	0.1085786297917366
41	43.092	0.1077625389455931	0.0019925259985029697
42	43.0598	0.10645075447360523	0.003210126655176282
43	43.0626	0.10656615894363138	0.0016689898911863565
44	43.057	0.10633509204396999	0.9417340159416199
45	43.0976	0.10798728458480629	0.0690268948674202
46	43.0234	0.10492670962152474	0.017543848603963852
47	43.1046	0.10826682738494015	0.30881521105766296
48	43.022	0.10486719601476895	0.6575919985771179
49	43.0892	0.10764979353440626	0.2536693811416626
50	43.0038	0.10408733836543359	0.2248249351978302
