1	2.068	0.02456983516428224	0.010331353172659874
2	2.057	0.024524922018224656	0.26974740624427795
3	2.0632	0.024592892631815393	0.007528557907789946
4	2.051	0.024811251479923357	0.012663847766816616
5	2.0532	0.02481019080942347	0.21417365968227386
6	2.0642	0.025030801984754693	0.09897944331169128
7	2.064	0.024662262669917372	0.16306766867637634
8	2.065	0.02478134378922986	0.08759503811597824
9	2.0766	0.024487515022966297	0.21473434567451477
10	2.0622	0.02453153252448776	0.31841230392456055
11	2.0744	0.02481363238222091	0.07102743536233902
12	2.0562	0.025079768898456773	0.10345008224248886
13	2.0582	0.024328233967964085	0.5238814949989319
14	2.0576	0.024864996119042564	0.0002426616701995954
15	2.07	0.024662116697477546	0.060477498918771744
16	2.0632	0.02495616893675789	0.0002607741334941238
17	2.0668	0.024692670329472262	3.085932257818058e-05
18	2.057	0.024903650334840478	0.14075011014938354
19	2.0674	0.025015655737957387	0.006109332200139761
20	2.0678	0.024680471794518044	0.09482970088720322
21	2.0792	0.025018178350951114	0.022710012272000313
22	2.0716	0.024871915728387303	0.19231660664081573
23	2.0834	0.024491631060425505	0.037665095180273056
24	2.0626	0.0246468300598677	0.04295727238059044
25	2.0634	0.025091926829161608	0.2147933691740036
26	2.0464	0.024381236063825758	0.0024447371251881123
27	2.0734	0.02492754283919697	0.17466753721237183
28	2.0748	0.02468053743337042	0.02009469084441662
29	2.0596	0.025215989213195657	0.06740190833806992
30	2.0804	0.02457568945116289	0.4319436252117157
31	2.058	0.024572032882934226	0.384612113237381
32	2.0688	0.025387394667432898	0.10360943526029587
33	2.0606	0.024931701746972665	0.0015620305202901363
34	2.072	0.024999775998996457	0.05025699734687805
35	2.0692	0.024884140491485754	0.0007173311314545572
36	2.0496	0.024823611985365875	0.0014221161836758256
37	2.069	0.02458678913563135	0.003098465967923403
38	2.0686	0.02473477859209578	0.06772398948669434
39	2.072	0.02471009510301405	0.15666845440864563
40	2.0584	0.024438105327541305	0.007644664030522108
41	2.069	0.024217972664944527	0.5538991689682007
42	2.0624	0.0252180735188079	0.5826003551483154
43	2.0712	0.024888451297740484	0.05391339585185051
44	2.0608	0.024705992147655197	0.010100552812218666
45	2.0632	0.024534269257509962	0.7090070247650146
46	2.0714	0.02463297935695151	0.5252281427383423
47	2.0556	0.024611289116988566	0.004165132064372301
48	2.06	0.02434255533012096	0.027944622561335564
49	2.056	0.024740961986147586	0.013959923759102821
50	2.0698	0.024582724177763533	0.12452103942632675
