1	1.343	0.0454527424915153	0.014408609829843044
2	1.3572	0.04564750472917441	0.3846791088581085
3	1.3828	0.045312200211422085	0.3594524562358856
4	1.3456	0.045964868671627905	0.744478702545166
5	1.3626	0.04582682873601446	0.4211588203907013
6	1.3528	0.045416713751657546	0.888045072555542
7	1.3534	0.04586976337414441	0.0044701844453811646
8	1.371	0.045823642369414504	0.1902901977300644
9	1.3724	0.04576781436774101	0.7806217670440674
10	1.3346	0.045935140274086454	0.37145131826400757
11	1.3566	0.04566777410822647	0.17599284648895264
12	1.3368	0.044911227638531545	0.3113878667354584
13	1.3386	0.04530596066744419	0.31335973739624023
14	1.3608	0.04542248394793046	0.08300520479679108
15	1.3348	0.04512999144693028	0.6997888088226318
16	1.355	0.04574532763026187	0.027479350566864014
17	1.3684	0.045399852334561605	0.007579716853797436
18	1.3402	0.045029269680953075	0.003334370441734791
19	1.344	0.04457931358825525	0.002233409322798252
20	1.3466	0.04523674603682277	0.683685302734375
21	1.3504	0.045922932310556996	0.007680438458919525
22	1.3844	0.04611492114272775	0.07512389123439789
23	1.3324	0.04477765549914377	0.08513079583644867
24	1.344	0.04567225853841694	0.26358288526535034
25	1.3382	0.04533516701193456	0.15072865784168243
26	1.3448	0.04554298330149223	0.0013142710085958242
27	1.341	0.04533711724404188	0.9366616010665894
28	1.3508	0.04570526061625729	0.5500513315200806
29	1.3518	0.04589189653958529	0.02139250747859478
30	1.3536	0.045365853590558614	0.060665570199489594
31	1.3452	0.04593894347936183	0.6876158714294434
32	1.3818	0.04640659185934688	0.0013586846180260181
33	1.3416	0.045078120990121144	0.43994608521461487
34	1.3806	0.04568958909861195	0.07835676521062851
35	1.331	0.04623970371877398	0.14402790367603302
36	1.3316	0.045931194105966806	0.011273450218141079
37	1.3516	0.045219015822991995	0.035878486931324005
38	1.3276	0.04588094192581491	0.31509679555892944
39	1.3456	0.045198773788677066	0.39336761832237244
40	1.355	0.045571866321229365	0.22865670919418335
41	1.3616	0.04600958369731245	0.12985798716545105
42	1.3594	0.045232034577277196	0.24363404512405396
43	1.3522	0.04497509630895746	0.051740240305662155
44	1.3354	0.045877579622294815	0.10695748031139374
45	1.3364	0.045624369277832214	0.11744590103626251
46	1.363	0.04561639836725385	0.3576611876487732
47	1.3526	0.044929409433020595	0.10892903804779053
48	1.339	0.04506952628994452	0.2630480229854584
49	1.38	0.045489339410459684	0.4317397177219391
50	1.3244	0.04531419592136662	0.4261811077594757
