1	4.0304	0.062074282210912386	0.10092871636152267
2	4.0438	0.06403832296367543	0.1289202719926834
3	4.0618	0.06335586293311778	0.12165483832359314
4	4.0544	0.0635694356747014	0.05070030316710472
5	4.0452	0.06368989345257217	0.056367117911577225
6	4.0104	0.06462047130747345	0.25182783603668213
7	4.0304	0.0641505768641249	0.09294554591178894
8	4.021	0.06364185886662965	0.011349428445100784
9	4.002	0.06344125471646979	0.04550088196992874
10	4.0646	0.06302609231104203	0.40364909172058105
11	4.0632	0.06279689775777139	0.23078195750713348
12	4.0378	0.06403396042726084	0.10398456454277039
13	4.0784	0.06291499179051042	0.9306021332740784
14	4.0248	0.0632108608389413	0.45852911472320557
15	4.0566	0.0641494629127945	0.05163751542568207
16	4.0546	0.06333367123418632	0.714920163154602
17	4.079	0.06379158408442298	0.14087195694446564
18	4.0624	0.06412574546935106	0.07472940534353256
19	4.0262	0.06312720814355721	0.047654978930950165
20	4.0714	0.06469856004580013	0.3158349394798279
21	4.0688	0.06364055160037502	0.201412633061409
22	4.0426	0.06339568938027251	0.060533031821250916
23	4.071	0.06333850487657572	0.9126519560813904
24	4.0552	0.06386200222354448	0.051725585013628006
25	4.0508	0.06257599258501617	0.006857053376734257
26	4.045	0.062223428063712505	0.7481275796890259
27	4.035	0.06319363100819572	0.008864111267030239
28	4.0242	0.06308871410957742	0.07607920467853546
29	4.0618	0.06409590757606919	0.5000059008598328
30	4.0296	0.0635422923099253	0.5381307005882263
31	4.017	0.06316137902231074	0.0005322590004652739
32	4.048	0.06406381818156018	0.03835642337799072
33	4.0412	0.06415095173105384	0.17669463157653809
34	4.0336	0.06360666531111347	0.1201738715171814
35	4.0344	0.06303165833134969	0.11512112617492676
36	4.0092	0.06364407001441692	0.6270627975463867
37	4.0614	0.06337928740527148	0.24422958493232727
38	4.0532	0.06321349197758332	0.08176351338624954
39	4.0536	0.06317870426021725	0.003533251816406846
40	4.009	0.06306737825532303	0.126837819814682
41	4.0566	0.06327364057804793	0.5421139001846313
42	4.061	0.06353882435173006	0.6238369941711426
43	4.0754	0.06420441349315484	0.5940905809402466
44	4.0436	0.0629299473382904	0.05276830494403839
45	4.043	0.06310492690749271	0.12066357582807541
46	4.0774	0.0632965767794752	0.09442093223333359
47	4.0392	0.06370835147765162	0.07030514627695084
48	4.0656	0.06260298676580851	0.0829794630408287
49	4.036	0.06330361127139592	0.025705944746732712
50	4.0134	0.062475249435276395	0.45414823293685913
