1	48.3028	0.08893684212968239	8.24136586743407e-05
2	48.3042	0.08885737025143385	0.6070202589035034
3	48.2594	0.09134703581397657	0.6711302995681763
4	48.2832	0.09003796959061214	0.5929762125015259
5	48.2706	0.09073475713308439	0.05400565266609192
6	48.3364	0.0869982935005053	0.06518913805484772
7	48.3196	0.08797579503477042	0.3381045162677765
8	48.349	0.08625403294919373	0.25792646408081055
9	48.251	0.09180195095966005	0.0008729748078621924
10	48.2832	0.09003796959061214	0.19213631749153137
11	48.3084	0.08861828813512829	0.020237142220139503
12	48.2818	0.09011581308516275	0.8152111768722534
13	48.3448	0.08650319836861708	0.1908683180809021
14	48.2972	0.08925362674984572	0.0026863105595111847
15	48.3098	0.08853837093599512	0.009518723003566265
16	48.3084	0.08861828813512829	0.006620507221668959
17	48.3014	0.08901620342387012	0.28800445795059204
18	48.2748	0.09050344152572497	0.35870060324668884
19	48.307	0.08869809355335125	0.000688224274199456
20	48.2832	0.09003796959061214	0.8060497641563416
21	48.279	0.0902711814478993	0.4218861162662506
22	48.2972	0.08925362674984572	0.16504120826721191
23	48.2398	0.09240288268230615	0.40025633573532104
24	48.314	0.0882979456159657	0.19631975889205933
25	48.2972	0.08925362674984572	0.5556563138961792
26	48.2944	0.08941136142571071	0.7324928641319275
27	48.3168	0.08813709756963706	0.11759532243013382
28	48.3028	0.08893684212968239	0.08563718944787979
29	48.3014	0.08901620342387012	0.05407177284359932
30	48.2734	0.09058065131141126	0.3836812674999237
31	48.3	0.08909545442950811	0.951570987701416
32	48.3672	0.0851615845789655	0.053584516048431396
33	48.286	0.08988196259539277	2.0586320204074582e-07
34	48.2958	0.08933254864829654	0.08770722150802612
35	48.2678	0.09088844639446678	0.17310482263565063
36	48.279	0.0902711814478993	0.050499327480793
37	48.2958	0.08933254864829654	0.3749154806137085
38	48.2664	0.0909651354750846	4.5810284063918516e-05
39	48.2958	0.08933254864829654	0.01407467108219862
40	48.2524	0.09172638460116149	0.040806397795677185
41	48.2916	0.08956866076926422	1.8236518371850252e-05
42	48.307	0.08869809355335125	0.0003645774850156158
43	48.3196	0.08797579503477042	0.00011995672684861347
44	48.2496	0.0918774167682113	0.003055473091080785
45	48.3294	0.08740762067462965	0.004057925194501877
46	48.363	0.08541554776502791	0.9248918890953064
47	48.3504	0.08617073582138887	0.0974927544593811
48	48.2874	0.08980379853881908	0.01052600983530283
49	48.2832	0.09003796959061214	0.9685840010643005
50	48.3448	0.08650319836861708	0.004543703980743885
