1	11.2842	0.0348989204417559	0.34408605098724365
2	11.2914	0.033964612054313184	0.6536530256271362
3	11.301	0.03391987912714288	0.09961631894111633
4	11.2562	0.03497957701288003	0.11967386305332184
5	11.272	0.03459290100584227	0.09078167378902435
6	11.2848	0.034469698693199616	0.9572910666465759
7	11.305	0.03366355596190085	0.0004151838948018849
8	11.2906	0.03466919312588643	0.06002183258533478
9	11.293	0.03409856008690131	0.10908613353967667
10	11.3026	0.034169281994212534	0.37253034114837646
11	11.2672	0.03388284946694938	0.6054603457450867
12	11.279	0.034549764109180446	0.46900489926338196
13	11.2816	0.033906674741118976	0.060644347220659256
14	11.2872	0.03403423405925249	0.2823038399219513
15	11.2482	0.035501467124612884	0.0531412772834301
16	11.2778	0.03419018701323567	0.4577822983264923
17	11.2874	0.033994149967310906	0.6608095169067383
18	11.3004	0.03394536363039903	0.7917330265045166
19	11.2946	0.03415815439979056	0.021254034712910652
20	11.2858	0.03446002100986009	0.013575696386396885
21	11.27	0.03449608673458533	0.587720513343811
22	11.284	0.03413530723459189	0.3140447735786438
23	11.289	0.03413886641351771	0.07005421817302704
24	11.2776	0.034082383015276406	0.012351895682513714
25	11.2794	0.034355845965424577	0.1824352890253067
26	11.2816	0.03471458759657148	0.13240893185138702
27	11.2844	0.034171478633503796	0.31604960560798645
28	11.2806	0.03424375201405405	0.0034206241834908724
29	11.289	0.034307174176839914	0.05976464971899986
30	11.2822	0.03483523629889729	0.06066521257162094
31	11.2738	0.034353171731297566	0.7653933763504028
32	11.2868	0.03441892456193314	0.23124289512634277
33	11.262	0.03497943395768391	0.14950153231620789
34	11.282	0.033890069341917795	0.1953076869249344
35	11.2896	0.03388092844064381	0.0720825120806694
36	11.2594	0.03438663914953026	0.07309975475072861
37	11.29	0.03439156873421158	0.48751604557037354
38	11.2872	0.033928293325777514	0.21141523122787476
39	11.301	0.03426832648379556	0.36649471521377563
40	11.2684	0.03407771400783828	0.16147002577781677
41	11.3024	0.03424087662429191	0.42417922616004944
42	11.3004	0.03414626937163138	0.07177190482616425
43	11.292	0.03416145195977479	0.8165565729141235
44	11.2884	0.0339736043421952	0.1212540939450264
45	11.2888	0.033818784839197945	0.2014247477054596
46	11.265	0.03524138192523077	0.9603374600410461
47	11.2772	0.034736843379903945	0.4912828803062439
48	11.2828	0.034079370416719795	0.0012948982184752822
49	11.277	0.034317456199433556	0.3383583128452301
50	11.275	0.034262442995209405	0.7738963961601257
