1	10.3366	0.048338191856956876	0.15984539687633514
2	10.3012	0.04888579965593298	0.05818468704819679
3	10.2984	0.04907833933620799	0.1423966884613037
4	10.3078	0.04864551868363604	0.05453091114759445
5	10.2776	0.04943610858471777	0.06984381377696991
6	10.2926	0.04931301483381441	0.08568267524242401
7	10.345	0.048499432986376004	0.053705811500549316
8	10.3394	0.04900585426252668	0.06857500225305557
9	10.3298	0.04812418859575701	0.18667276203632355
10	10.3138	0.04893825914353695	0.10616813600063324
11	10.3096	0.04959623082452932	0.07952407002449036
12	10.3194	0.04941508425572089	0.006449441891163588
13	10.3192	0.04941376779805374	0.9525684118270874
14	10.3156	0.049338767232268696	0.09816964715719223
15	10.3192	0.04860576558393025	0.004522539675235748
16	10.3362	0.04903820151677687	0.44843998551368713
17	10.3124	0.04889183195585933	0.6425303220748901
18	10.3104	0.04892211475396398	0.10135558992624283
19	10.3374	0.048410022020238426	0.0025788117200136185
20	10.3478	0.04803064946469091	0.05779492110013962
21	10.311	0.04857923630523627	0.11614416539669037
22	10.3402	0.04884869627738315	0.051330506801605225
23	10.3082	0.04886249039907857	0.5079821944236755
24	10.3246	0.048951227890625865	0.5782689452171326
25	10.309	0.04810336994431928	0.1548326313495636
26	10.3158	0.048464075850056375	0.8625383973121643
27	10.312	0.04866025893889202	0.1153949722647667
28	10.337	0.048659796547046996	0.09247228503227234
29	10.3102	0.048677271164271355	0.38226020336151123
30	10.3126	0.0488121525032445	0.26908358931541443
31	10.312	0.04886697044016568	0.1733318567276001
32	10.3398	0.04925002261928392	0.005405090749263763
33	10.3194	0.04929107984209716	0.06684672087430954
34	10.3362	0.04875105340400355	0.8011964559555054
35	10.3144	0.048750741040522086	0.1114499494433403
36	10.3176	0.04879461478483022	0.09964027255773544
37	10.3144	0.04864724814416579	0.9897080659866333
38	10.3272	0.04864331699216257	0.06854552775621414
39	10.3172	0.04841416619131215	0.3718222975730896
40	10.3326	0.048618093668921544	0.16972616314888
41	10.3334	0.048340872892408904	0.5392425060272217
42	10.3136	0.048641742074066616	0.007800523657351732
43	10.3174	0.04848239919805966	0.05285508930683136
44	10.315	0.049071325639318264	0.6961926817893982
45	10.2992	0.04890054036511233	0.2017233669757843
46	10.323	0.049830189644431075	0.012015290558338165
47	10.3456	0.0491223895184267	0.47818008065223694
48	10.3096	0.04969774755459239	0.15377260744571686
49	10.2962	0.04940564753143088	0.28868043422698975
50	10.3224	0.049105853337458504	0.07170136272907257
