1	3.3696	0.055696611315231716	0.0016628783196210861
2	3.3824	0.05528097712595176	0.4579579830169678
3	3.385	0.05392619956941155	0.007598865777254105
4	3.4044	0.055174896030713114	0.3824401795864105
5	3.407	0.054967188394532226	0.0020566813182085752
6	3.426	0.055714838239018495	0.00481079937890172
7	3.3826	0.05563228408037909	0.08862302452325821
8	3.4046	0.05709306360671148	0.0021745567210018635
9	3.423	0.05516853994805372	0.00028384750476107
10	3.4072	0.05469861687465232	0.20052184164524078
11	3.4182	0.05539707364112294	0.5949683785438538
12	3.384	0.05530008318257759	0.8359163999557495
13	3.4414	0.055267882825380615	0.0020314068533480167
14	3.393	0.05438117137392319	8.147490007104352e-05
15	3.408	0.05533574613213415	0.12880907952785492
16	3.412	0.05458773488614454	0.0007935194298624992
17	3.413	0.05478152790859345	0.04321683198213577
18	3.4166	0.054521555296964896	0.061034563928842545
19	3.4188	0.05565798961514869	0.0004063013766426593
20	3.4148	0.056072575542773145	0.20546182990074158
21	3.3844	0.054876825272604846	1.118800469157577e-06
22	3.4228	0.05445211004176054	0.401997834444046
23	3.4112	0.05619080180954886	0.04590817540884018
24	3.4248	0.05447036743037449	0.009673344902694225
25	3.4072	0.05483008925763296	0.7010164856910706
26	3.4194	0.054884483708968236	0.08053416013717651
27	3.4128	0.055147738738773336	0.48121848702430725
28	3.4136	0.05559858875906831	0.715305507183075
29	3.4178	0.055200703691166815	0.62155681848526
30	3.3914	0.05474496206958228	0.822302520275116
31	3.4032	0.05415028686904623	0.05428978055715561
32	3.3998	0.05494440761351421	0.8452743291854858
33	3.4174	0.05442461788565903	0.656205415725708
34	3.4154	0.05499160946908174	0.00024594453861936927
35	3.3722	0.05563632705346391	0.05293148756027222
36	3.4168	0.055697935042513046	0.0001280348951695487
37	3.4324	0.0545477261854241	0.02406495250761509
38	3.4238	0.05469870572509007	0.06291012465953827
39	3.4118	0.055138347526925396	0.14977090060710907
40	3.4004	0.05563006122592354	0.10189948230981827
41	3.4122	0.05576920375978127	0.004134155809879303
42	3.4036	0.05504173572844519	0.14352469146251678
43	3.4208	0.054585613928946536	0.0001675992680247873
44	3.4086	0.05478177499862523	2.828783544828184e-05
45	3.4066	0.054834820980832935	0.20668287575244904
46	3.43	0.054357152243288076	0.006678122561424971
47	3.4266	0.05568395093741103	0.13598620891571045
48	3.3958	0.055621365031793324	0.44992712140083313
49	3.3894	0.056274876739092004	0.11714162677526474
50	3.4166	0.05526264553927906	0.07368821650743484
