1	183.9074	0.5157711560682716	0.7754749059677124
2	184.213	0.5207274678754793	0.037358567118644714
3	183.8426	0.5119941458962178	0.28291162848472595
4	183.8526	0.5166332275725306	0.05149149149656296
5	183.5808	0.5143478282718787	0.01090757641941309
6	183.4838	0.522171243566703	0.5050639510154724
7	183.707	0.5136693019832941	0.15673424303531647
8	183.5176	0.5087110008954133	0.0001885723031591624
9	183.5628	0.5192244419208283	0.9923276901245117
10	183.6634	0.5126446145157504	0.0005220961757004261
11	183.7776	0.5107944487090581	0.00280869216658175
12	183.893	0.5257498947218113	0.04308244213461876
13	183.2356	0.510467243564168	0.0021159376483410597
14	183.7514	0.5194537866567268	0.060033295303583145
15	183.7644	0.5123158466727333	0.005559801589697599
16	183.4912	0.5162962914916212	0.3784301280975342
17	183.9024	0.525555604700403	0.05537688359618187
18	183.606	0.5139993143964278	0.0017566197784617543
19	183.6406	0.5120300156748585	0.7681735157966614
20	183.3872	0.5185105371041129	0.8768567442893982
21	183.9302	0.5192744845724633	0.02488318458199501
22	183.6898	0.5157543181864799	0.08307855576276779
23	183.4736	0.512173198705279	3.4311669878661633e-06
24	183.7544	0.5141010651146192	0.07738181948661804
25	183.384	0.514053556742891	0.13449731469154358
26	183.8924	0.5114717978852775	0.6316460967063904
27	183.7486	0.5184607569257166	0.19887109100818634
28	183.7866	0.5089214367581784	0.0006537868175655603
29	183.7168	0.5091066253428569	0.434194952249527
30	183.8328	0.515906580194524	0.020935822278261185
31	183.9386	0.5180860682087454	0.16435188055038452
32	183.66	0.5094159008118946	0.10085726529359818
33	183.5422	0.5168968122246289	0.5786551237106323
34	183.8412	0.5106954949948286	0.0006910873344168067
35	183.9104	0.5228716375096123	0.4843459725379944
36	183.7742	0.5205365941487704	9.117700392380357e-05
37	183.4182	0.5047474970398527	0.19431908428668976
38	183.7332	0.5130298548505654	0.17202676832675934
39	183.5732	0.5136466832054771	0.2806626856327057
40	184.0496	0.5273388016370604	0.20637601613998413
41	183.5942	0.5154002206518771	1.8904736862168647e-05
42	183.4548	0.5158561839582737	0.07921266555786133
43	183.7166	0.5156913340284098	0.8070849180221558
44	183.5216	0.5139362219108419	0.7603861093521118
45	183.5322	0.5123342402065387	0.09826786816120148
46	183.897	0.518095033560452	0.015350044704973698
47	183.4772	0.508970278393538	0.001128265168517828
48	183.7094	0.5131163931819042	0.11981839686632156
49	183.9362	0.5236417794714237	0.00043486367212608457
50	183.7938	0.5155171256204754	0.06051364541053772
