1	3.0182	0.06458114096235835	0.4995710253715515
2	3.0574	0.06432751691150529	0.24469196796417236
3	3.0536	0.0647100353268332	0.13239964842796326
4	3.0266	0.063863967869214	0.0074380007572472095
5	3.0478	0.06411744916947335	0.5502973794937134
6	3.0144	0.06475265826203586	0.06364039331674576
7	3.0422	0.06408521270932946	0.006063069216907024
8	3.0306	0.06332862348101369	0.2627619206905365
9	3.0094	0.06417632703731183	0.04836907610297203
10	3.0134	0.0636116089405071	0.01976902037858963
11	3.045	0.06439561320462753	0.02966412901878357
12	3.0402	0.06442368452673289	0.00023970432812348008
13	3.0376	0.06456326534493126	0.005016821902245283
14	3.0454	0.06552564316357377	0.08048006147146225
15	3.026	0.06463484509148298	0.06141728535294533
16	3.0222	0.06495131167266752	0.011119731701910496
17	3.0144	0.0649469533696539	0.023099912330508232
18	3.0356	0.0648823454569885	0.0003781012201216072
19	3.0306	0.06518308486102817	0.6033403277397156
20	3.0354	0.06503494685167352	0.8473397493362427
21	3.0236	0.06550509500794574	0.5294146537780762
22	3.0208	0.06379734514852478	0.00011461924441391602
23	3.029	0.06407594088267453	0.08546009659767151
24	3.0432	0.06491841624685556	2.7127705834573135e-05
25	3.053	0.06512406467658481	0.21491292119026184
26	3.0424	0.0639077775548485	0.08400453627109528
27	3.0022	0.06447969671144552	0.06075947731733322
28	3.0284	0.06438189335519733	0.026417963206768036
29	3.0164	0.06426628876790694	0.7612674832344055
30	3.0348	0.06478317781646714	0.0006892262608744204
31	3.0348	0.0642026489173149	0.0030550097580999136
32	3.0132	0.0639587864800451	0.020769787952303886
33	3.0628	0.06534845895658135	0.05234441161155701
34	3.0608	0.06436944964810559	0.28764641284942627
35	3.033	0.06436955646887743	0.38669851422309875
36	3.017	0.06420155605590883	0.04203195124864578
37	3.0364	0.06478159516405874	0.0008077777456492186
38	3.0424	0.06384578319669981	0.01841849461197853
39	3.0314	0.06485572659372492	0.39974111318588257
40	3.0236	0.06423984333729338	0.14028018712997437
41	3.0514	0.06498249358096378	0.0017281306209042668
42	3.0312	0.06398130827046287	0.003597045550122857
43	3.004	0.06430343070163519	0.09608868509531021
44	3.0204	0.06469969792819748	0.12838754057884216
45	3.0222	0.06464018013588758	0.11857808381319046
46	3.0214	0.06361898829752011	8.113004878396168e-05
47	3.024	0.06403751400546401	0.01245568785816431
48	3.0192	0.06332816472944719	0.1704300343990326
49	3.0224	0.06462613118545776	0.11304411292076111
50	3.037	0.0645778274642311	1.158274790213909e-05
