1	215.4106	0.4633546522395234	0.052628327161073685
2	215.5278	0.4590616177464599	0.07779340445995331
3	215.3854	0.45489748329926355	0.011462748050689697
4	215.417	0.46469585730884183	0.00036006441223435104
5	215.46	0.44821084324231186	0.053777020424604416
6	215.2982	0.4557656175799131	0.03139515593647957
7	215.395	0.4595188733882316	0.05974984169006348
8	215.5546	0.459570662588476	0.029269643127918243
9	215.5358	0.4595763408270774	0.09702888131141663
10	215.6376	0.4540304827123496	0.6661396622657776
11	215.5748	0.45909137317967197	0.1370805948972702
12	215.4936	0.45828131783000897	0.9449350833892822
13	215.5972	0.4472148855841057	0.06251608580350876
14	215.557	0.46094285090454573	0.12063939869403839
15	215.3734	0.4588034332827107	0.16717982292175293
16	215.286	0.45733266579154364	0.024966128170490265
17	215.2906	0.4534796499866136	0.1683802306652069
18	215.5496	0.45887162879394006	0.2142830640077591
19	215.4116	0.4570349809281693	0.03317057341337204
20	215.3384	0.45531952933297043	0.05200933292508125
21	215.553	0.458793269131102	0.4623347818851471
22	215.6932	0.45514473826246693	0.05301477387547493
23	215.3226	0.46041493528338884	0.062325842678546906
24	215.3768	0.4674566495066669	0.18898458778858185
25	215.2766	0.46073220680998894	0.00024780730018392205
26	215.4504	0.46181049328918683	0.14952239394187927
27	215.3716	0.45960139707358993	0.20127849280834198
28	215.4966	0.45835363988083444	0.3478547930717468
29	215.793	0.4495793053511181	0.013116566464304924
30	215.3718	0.44999512949362863	0.16856592893600464
31	215.4792	0.4582090584525861	0.0687248706817627
32	215.7056	0.4532080223826509	0.4733470380306244
33	215.7158	0.4524529750681353	0.02173546701669693
34	215.7576	0.4525472749139058	0.031003404408693314
35	215.6292	0.4532643745630111	0.009350172244012356
36	215.8076	0.45193779221480634	0.0933273658156395
37	215.4754	0.45675686170215335	0.00013207679148763418
38	215.3716	0.4617784795678476	0.02203183062374592
39	215.3282	0.4649602913883987	0.020782163366675377
40	215.2184	0.45950110183980886	0.8598947525024414
41	215.7262	0.45404032905458	0.04159612953662872
42	215.4086	0.45112827762399765	0.9828494787216187
43	215.3792	0.45078692666047937	0.15726441144943237
44	215.2314	0.4663491152259147	0.007888151332736015
45	215.4288	0.4606861784425519	3.564269354683347e-05
46	215.7766	0.45340371237121957	0.36660224199295044
47	215.4022	0.4640735968443036	0.014586621895432472
48	215.4996	0.46166949185754547	0.13196441531181335
49	215.6374	0.4583778553027967	0.8701169490814209
50	215.434	0.4527357719464997	0.02906118519604206
