1	49.1888	0.11251203583617042	0.03777838870882988
2	49.1794	0.11487779660143294	0.3101637065410614
3	49.219	0.11330185435375456	0.001656794804148376
4	49.1758	0.11076538199275143	0.008557802997529507
5	49.0944	0.11076696056135182	0.22569958865642548
6	49.1708	0.11560263512567687	0.26680126786231995
7	49.239	0.1147073763975127	0.09891008585691452
8	49.1578	0.11249399311963354	0.17508147656917572
9	49.108	0.11381618865521984	0.0014717583544552326
10	49.1536	0.11448219368967405	0.07739854604005814
11	49.2248	0.11503632873140598	0.13646991550922394
12	49.2526	0.11179010614540011	0.0044661834836006165
13	49.1488	0.11380608686709268	0.05947490036487579
14	49.2116	0.11357308568494831	0.10021671652793884
15	49.1882	0.11409454574167639	1.4172802366374526e-05
16	49.2376	0.11180904807751278	0.1545078009366989
17	49.1724	0.11448118112598021	0.03205404430627823
18	49.187	0.11161960311701656	0.5918095111846924
19	49.2154	0.11404264602331715	0.0029056842904537916
20	49.216	0.11321527812093032	0.0008979725535027683
21	49.2138	0.11298248186334264	0.00010718197881942615
22	49.2188	0.1145491501845384	0.057608310133218765
23	49.1896	0.11133558870370297	0.015352624468505383
24	49.21	0.11389811236363906	0.008500776253640652
25	49.1634	0.11412861513222283	0.15400275588035583
26	49.157	0.11180586657237987	0.006518951617181301
27	49.189	0.11282934990506625	0.002627909416332841
28	49.1934	0.11301041364405404	0.03455980867147446
29	49.2064	0.11340951579122113	0.5868026614189148
30	49.228	0.11316655336273003	4.899987834505737e-05
31	49.1936	0.11449879594126504	0.007272043731063604
32	49.2564	0.11240883538227789	0.1846369504928589
33	49.1322	0.11296841013310334	0.15281052887439728
34	49.149	0.11362358117926083	0.056580424308776855
35	49.1566	0.11458332161357537	0.0773894414305687
36	49.2184	0.11292680192053704	0.07428562641143799
37	49.1006	0.11273998116018691	0.09441694617271423
38	49.1782	0.11258632496000895	0.008754007518291473
39	49.1288	0.11352699682454387	0.09552418440580368
40	49.262	0.11376730989172607	0.19929668307304382
41	49.2846	0.11179984397127177	0.0024012865033000708
42	49.1962	0.11298898179911224	0.6795466542243958
43	49.2346	0.112072891958758	0.06514231115579605
44	49.1466	0.11371787542862556	0.00011619396536843851
45	49.2398	0.11428933777041408	0.14622186124324799
46	49.1414	0.11371706499906117	8.49915886647068e-05
47	49.1282	0.11247531537186267	0.2544008493423462
48	49.1622	0.11286613348564575	7.651560008525848e-05
49	49.1296	0.11412312172385967	0.21716125309467316
50	49.1938	0.11259109559818292	0.7584033608436584
