1	10.0794	0.0523118739102319	0.11251156032085419
2	10.062	0.05131589227520102	0.32525911927223206
3	10.0808	0.05161170843907424	0.5091421604156494
4	10.0534	0.05152579152230474	0.18087394535541534
5	10.0998	0.051373455480432616	0.07681765407323837
6	10.0582	0.05226569590084912	0.16698028147220612
7	10.0528	0.05176042781894309	0.37903687357902527
8	10.0954	0.05114975964752929	0.515977680683136
9	10.0802	0.050245619988214134	0.10533993691205978
10	10.0762	0.051411170070326084	0.20054669678211212
11	10.0968	0.05172246676252015	0.007181105669587851
12	10.0742	0.05132533339394906	0.13520239293575287
13	10.0708	0.0521997820685105	0.0030842889100313187
14	10.104	0.050996188092837125	0.7114101648330688
15	10.0718	0.05129639917187204	0.00026874561444856226
16	10.0738	0.05160616637573459	0.949955403804779
17	10.0616	0.05140087345561344	0.0009984427597373724
18	10.078	0.051430815665319006	0.14822439849376678
19	10.079	0.05145256261839615	0.01743939146399498
20	10.0326	0.05165469031946651	0.7209126353263855
21	10.0932	0.05091369921740125	0.00846411194652319
22	10.065	0.051857063164047486	0.0009084141929633915
23	10.0686	0.051883420010635575	0.0697249323129654
24	10.1038	0.05100045105682899	0.5617527961730957
25	10.091	0.0509173271097377	9.2689106168109e-06
26	10.077	0.05205619847818317	0.1740260124206543
27	10.08	0.0515790655208098	0.3630436062812805
28	10.0558	0.05133220673222618	0.0022732215002179146
29	10.0936	0.051628579992093394	0.14150692522525787
30	10.0714	0.05170980247496576	0.02306438609957695
31	10.0936	0.05081328834074805	0.08820129185914993
32	10.0802	0.05133013080053492	0.006715890485793352
33	10.0756	0.05121281433391461	0.06731171160936356
34	10.106	0.05099583512405681	0.0060412101447582245
35	10.12	0.05051415643163818	0.09780176728963852
36	10.0638	0.050899835048848215	0.0023135787341743708
37	10.0946	0.050586277902213726	0.21829034388065338
38	10.0968	0.051218879019361535	0.0010529063874855638
39	10.0774	0.05114818307623423	0.16168171167373657
40	10.0982	0.0507231916188247	0.0353277213871479
41	10.1018	0.05092294343417273	0.9347310662269592
42	10.103	0.0505923294581304	0.07158069312572479
43	10.0624	0.0513080035861852	0.14134742319583893
44	10.0478	0.05142380079301803	0.17908281087875366
45	10.0606	0.05172764978229713	0.16446344554424286
46	10.0798	0.051471327241484455	0.45369160175323486
47	10.0706	0.05134849707635045	1.5809291653567925e-05
48	10.0694	0.05107025114486922	0.6461120247840881
49	10.0614	0.05095462758180024	0.05815461277961731
50	10.0988	0.050096201532650736	0.008602573536336422
