1	1.791	0.04992128003166586	0.5577157139778137
2	1.7854	0.05037404403063149	0.5115411877632141
3	1.7572	0.049445390968218664	0.05936693400144577
4	1.7992	0.04941318496110124	0.0006527582299895585
5	1.7552	0.049826612648262575	0.001465272274799645
6	1.7492	0.05023364259139486	0.06877367943525314
7	1.765	0.049144633481184904	0.49026861786842346
8	1.7582	0.048901523166461805	0.006244937423616648
9	1.7552	0.05036557681591664	0.06111658364534378
10	1.7714	0.049133040532822705	0.0011267729569226503
11	1.785	0.04963662961966696	0.001617702655494213
12	1.7912	0.04964438143435772	0.054871708154678345
13	1.77	0.049780116512519325	0.00437101349234581
14	1.7886	0.049852563344325626	0.35133394598960876
15	1.7566	0.05033847029856987	0.035164568573236465
16	1.7374	0.04956525226406096	0.007930670864880085
17	1.7788	0.05078195553540647	0.008029019460082054
18	1.8106	0.05016960984500477	0.3149413764476776
19	1.7752	0.0488818670674515	0.3894801735877991
20	1.771	0.04993642157784236	0.6557515859603882
21	1.8044	0.05045248410137998	0.004512830171734095
22	1.7694	0.04975703520106477	0.3400748074054718
23	1.7638	0.05009927352766704	1.3224753274698742e-05
24	1.7448	0.04925252610780488	0.10657766461372375
25	1.7436	0.05003904747294856	0.1258283257484436
26	1.8016	0.05053976050596203	0.0033872355706989765
27	1.762	0.04979920481292849	6.419110832212027e-06
28	1.7768	0.04920332476571071	0.1814803183078766
29	1.7664	0.04874111069723381	2.364546389799216e-06
30	1.7744	0.05104418039306734	0.7049691081047058
31	1.7962	0.04952573076694579	0.08380138128995895
32	1.7728	0.05003403129870709	0.018970593810081482
33	1.777	0.050572401564489694	0.005414738319814205
34	1.7638	0.04989766736030854	0.19218957424163818
35	1.7738	0.05018227184972797	0.10490372776985168
36	1.78	0.05019960159204452	0.10475530475378036
37	1.7642	0.048946879859700955	0.009982996620237827
38	1.795	0.05008068489946997	0.0023143154103308916
39	1.7792	0.0501071376951428	0.005378696136176586
40	1.796	0.05010599964076158	0.0016276991227641702
41	1.7996	0.049872955717502845	0.21569158136844635
42	1.7756	0.05032216561317685	0.0025499588809907436
43	1.8038	0.04963899684723695	0.0607326366007328
44	1.7684	0.050084035300682395	0.0007044558296911418
45	1.771	0.049639965753412854	0.02005918137729168
46	1.779	0.04972691625266945	0.2660347521305084
47	1.768	0.049538639464563425	0.01722916215658188
48	1.7742	0.050106544961711345	0.18538932502269745
49	1.7928	0.05051893395549831	0.09519818425178528
50	1.777	0.04984824771243218	0.09510869532823563
