1	0.3971291666666667	0.0023265336272553553	0.6491785049438477
2	0.3970625	0.002319873211783361	0.2219233214855194
3	0.3963	0.002261273534979795	0.09082265198230743
4	0.3962125	0.0022851881692215136	0.03242090344429016
5	0.3983791666666667	0.002267030539880306	0.05224207043647766
6	0.3977041666666667	0.0023011097798127673	0.06831780076026917
7	0.3970208333333333	0.002270557303560085	0.3749150037765503
8	0.3969875	0.002323912857391609	0.43585410714149475
9	0.39768333333333333	0.0023139040602410442	0.8576890826225281
10	0.3966125	0.0023008152834919277	0.18730205297470093
11	0.3969916666666667	0.002309103695159647	0.11998473107814789
12	0.39763333333333334	0.002363613335552156	0.8317910432815552
13	0.396275	0.0022545701086903527	0.05709521099925041
14	0.39707916666666665	0.002309596819522844	0.10701283067464828
15	0.3973041666666666	0.0023210341916374386	0.23391863703727722
16	0.3962875	0.0023179538323163324	0.1910364180803299
17	0.39685	0.0022734229698848415	0.10817655175924301
18	0.3956291666666667	0.0022844077391634718	0.054179418832063675
19	0.3983125	0.00231341856756402	0.05296872928738594
20	0.3967958333333333	0.002335404401543783	0.16829103231430054
21	0.3980875	0.002372645668604988	0.2800312638282776
22	0.39587083333333334	0.002329866674028799	0.001830212539061904
23	0.3975916666666667	0.0023146403338315837	0.02039404772222042
24	0.3973541666666667	0.0023125457765739536	0.053113874047994614
25	0.3967166666666667	0.002355346683611556	0.06607864052057266
26	0.3965583333333333	0.0022989788765884873	0.1014682874083519
27	0.39725	0.0022907722497009695	0.1875549852848053
28	0.3968416666666667	0.00228699745845945	0.1832013875246048
29	0.3978541666666667	0.002259284835683625	0.07713291049003601
30	0.3971041666666667	0.0022767299397930293	0.4395557940006256
31	0.3970208333333333	0.0023316020176586765	0.09613058716058731
32	0.3959625	0.00232179913402302	0.2897081971168518
33	0.39724583333333335	0.002307258106226952	0.09387104958295822
34	0.3954166666666667	0.0022749999999999854	0.46139198541641235
35	0.3979375	0.002317528148426697	0.3552013337612152
36	0.3969	0.0022803814373915706	0.09195979684591293
37	0.39679166666666665	0.0022958325015122573	0.6464788317680359
38	0.39595833333333336	0.0023159035763606417	0.06977367401123047
39	0.39783333333333337	0.00234040327721526	0.0551445335149765
40	0.39631666666666665	0.002278407777374376	0.10410461574792862
41	0.396775	0.0022808915745821906	0.1368318647146225
42	0.3981291666666667	0.002344350916298588	0.9953255653381348
43	0.3971583333333333	0.0022555409273609063	0.9721438884735107
44	0.397175	0.0023188515206886357	0.2585691213607788
45	0.3968916666666667	0.0022649881622207155	0.06645774096250534
46	0.3957333333333333	0.0022242233475980038	0.5910242199897766
47	0.3958833333333333	0.002289581402789606	0.08585310727357864
48	0.39667083333333336	0.00232227393275427	0.3195032775402069
49	0.396425	0.002287328108295786	0.05326941981911659
50	0.396275	0.002355437618575374	0.08863823860883713
