1	1.4276	0.020989636299850453	0.7446408867835999
2	1.4114	0.02087750157466166	0.060641296207904816
3	1.4246	0.020970615441612574	0.6978045105934143
4	1.4174	0.020921735874444073	0.13747747242450714
5	1.4204	0.020942657710997428	0.15985654294490814
6	1.4106	0.020871362006347337	0.022811396047472954
7	1.4096	0.02086360735826862	0.10753042995929718
8	1.4176	0.02092315540256776	0.4335566759109497
9	1.4244	0.020969319302256793	0.05569117143750191
10	1.4174	0.020921735874444073	0.9999818205833435
11	1.4168	0.02091745605947338	0.7901763916015625
12	1.4172	0.020920312808368806	0.10296541452407837
13	1.4252	0.02097448278265759	0.09705869853496552
14	1.414	0.020897061994452723	0.2513083517551422
15	1.4132	0.020891107390466394	0.0722394660115242
16	1.4118	0.020880549992756414	0.10928738117218018
17	1.4072	0.020844632114767586	0.06319332122802734
18	1.4194	0.020935772066011805	0.8954474329948425
19	1.4108	0.02087290224190206	0.06368627399206161
20	1.4228	0.020958823631110596	0.06088107079267502
21	1.4128	0.020888108770302772	0.21432381868362427
22	1.4094	0.020862045729026682	0.3679206669330597
23	1.41	0.02086671991473505	0.21322284638881683
24	1.4234	0.02096278588356042	0.5351935625076294
25	1.4136	0.0208940917964864	0.8762353658676147
26	1.4276	0.020989636299850453	0.1734485924243927
27	1.4144	0.020900017990422855	0.9247872829437256
28	1.423	0.02096014790024154	0.46533432602882385
29	1.4222	0.02095482970582201	0.6965726613998413
30	1.4114	0.02087750157466166	0.09340323507785797
31	1.4214	0.0209494551719132	0.1082625538110733
32	1.417	0.020918886203619917	0.06101579964160919
33	1.4146	0.0209014906645435	0.9610374569892883
34	1.4138	0.020895578671096916	0.05852658674120903
35	1.41	0.02086671991473505	0.10055699199438095
36	1.4142	0.020898541767309993	0.8755673170089722
37	1.4074	0.02084623304100768	0.5168808698654175
38	1.4186	0.02093019999904442	0.7721690535545349
39	1.4188	0.02093159831451005	0.21648909151554108
40	1.4202	0.020941287639493444	0.059429798275232315
41	1.4162	0.02091314438337766	0.016690613701939583
42	1.4142	0.020898541767309993	0.2291257083415985
43	1.4146	0.0209014906645435	0.13110703229904175
44	1.4018	0.02080005211531934	0.25041818618774414
45	1.4108	0.02087290224190206	0.9475518465042114
46	1.4142	0.020898541767309993	0.1799454540014267
47	1.4138	0.020895578671096916	0.11606556177139282
48	1.409	0.020858911764519254	0.9725570678710938
49	1.4238	0.020965409798045915	0.9153140783309937
50	1.4182	0.020927392766419813	0.5860856771469116
