1	0.0044	0.003053711184771736	0.05386597663164139
2	0.0034	0.0026113582672624607	0.05386195704340935
3	0.0038	0.0026103654916505466	1.295637588327736e-07
4	0.0046	0.0029936452695668537	0.05386117473244667
5	0.0052	0.00349160822544569	1.5807277264912045e-08
6	0.004	0.00280912797857271	0.053865689784288406
7	0.0048	0.0030526264101589633	0.05386178940534592
8	0.0058	0.003331583407330514	0.05386178940534592
9	0.0052	0.003051446869929084	0.05386485159397125
10	0.0048	0.003168363615496176	0.05386178940534592
11	0.0042	0.00287197632302218	0.05386553332209587
12	0.005	0.0032241277890307017	0.053864579647779465
13	0.0032	0.002679844771623909	0.05386936664581299
14	0.0038	0.002872978941795432	0.35917603969573975
15	0.006	0.0034892979236516904	0.05386357381939888
16	0.0074	0.004356768527245853	0.053862739354372025
17	0.0046	0.0029936452695668537	0.05386117473244667
18	0.004	0.00280912797857271	0.35917237401008606
19	0.004	0.0026779096325305674	0.053865689784288406
20	0.0042	0.0029947033242042525	0.05386553332209587
21	0.0042	0.00287197632302218	0.05386553332209587
22	0.0036	0.0025409982290430667	0.3591955602169037
23	0.0038	0.0026103654916505466	0.05386095494031906
24	0.0034	0.002469654226809899	0.05386195704340935
25	0.005	0.0029924906014890005	0.053864579647779465
26	0.0046	0.0029936452695668537	0.05386117473244667
27	0.0048	0.0030526264101589633	0.05386178940534592
28	0.0046	0.003111577092086905	0.05386117473244667
29	0.0036	0.0026789311301338077	0.05386529862880707
30	0.005	0.0031104662029991584	0.053864579647779465
31	0.0042	0.0027437652960849257	0.05386553332209587
32	0.0042	0.0027437652960849257	0.05386553332209587
33	0.0054	0.003439115002438854	0.05386391282081604
34	0.0038	0.002872978941795432	0.05386095494031906
35	0.0046	0.0029936452695668537	0.35914844274520874
36	0.0048	0.0029323246750658422	0.3591652512550354
37	0.0054	0.003109262291927138	0.05386391282081604
38	0.0056	0.0032777358038743754	0.05386485159397125
39	0.0046	0.0029936452695668537	0.05386117473244667
40	0.0056	0.0034904945208379854	0.05386485159397125
41	0.0048	0.0029323246750658422	0.05386178940534592
42	0.0056	0.0033857867623345687	0.05386485159397125
43	0.0056	0.0032777358038743754	0.05386485159397125
44	0.0044	0.0029334539369146395	0.05386597663164139
45	0.0046	0.002870873037945078	0.05386117473244667
46	0.0054	0.0032229663355362557	0.05386391282081604
47	0.0048	0.0029323246750658422	0.05386178940534592
48	0.0046	0.003111577092086905	0.05386117473244667
49	0.0038	0.002744814747847293	0.05386095494031906
50	0.004	0.0029344846225529964	0.053865689784288406
