1	1.5686	0.036191839853757096	0.2818015515804291
2	1.577	0.035811280345723465	0.7537862658500671
3	1.5748	0.036318713193063436	0.07875055074691772
4	1.5754	0.03591777710271058	0.2923473119735718
5	1.5968	0.035704531477110855	0.05032166838645935
6	1.5838	0.03577372790191147	0.0034165980760008097
7	1.5844	0.03556934005572777	0.1191818043589592
8	1.5786	0.03548182171196963	0.556401789188385
9	1.5756	0.036404839678262566	0.10174006968736649
10	1.603	0.03646181290062248	0.17476539313793182
11	1.5558	0.035080414022642316	3.164617010043003e-05
12	1.5928	0.03590457753546197	0.06390082836151123
13	1.5844	0.03609179895765795	0.00594358891248703
14	1.5948	0.0357544868233345	0.0011142527218908072
15	1.6068	0.03536931958633075	0.8497527837753296
16	1.5844	0.035538963856589854	0.6806778907775879
17	1.5758	0.03557383656565593	0.5124419927597046
18	1.6042	0.03570736965949745	3.714233343998785e-06
19	1.584	0.035317123325661726	0.3606732189655304
20	1.5914	0.03591104108766552	0.17603535950183868
21	1.578	0.03503496539173401	0.05644622817635536
22	1.5926	0.035975622746521004	0.8026897311210632
23	1.5956	0.03486357916221455	0.1566675752401352
24	1.6006	0.03590687054032973	0.09862085431814194
25	1.5866	0.035660914065682614	0.0536096952855587
26	1.5762	0.036174416484582014	0.0014342464273795485
27	1.6164	0.03560915432862735	0.38554784655570984
28	1.6052	0.036152998879761006	0.009445895440876484
29	1.56	0.035759194621803214	0.06733803451061249
30	1.5658	0.03540687289213776	0.11888056248426437
31	1.6132	0.035809138051620296	0.20057998597621918
32	1.5926	0.03612541255127752	0.11061759293079376
33	1.5852	0.03588835086765621	0.043776631355285645
34	1.6064	0.0358064557307757	0.24897821247577667
35	1.5836	0.036005275613443105	0.06287495791912079
36	1.5902	0.03607651768117316	0.957094132900238
37	1.595	0.035713232841623296	0.00047161136171780527
38	1.5634	0.03686902211884661	0.0749145895242691
39	1.5858	0.03542130782452845	0.10812006145715714
40	1.5608	0.035957558982778574	0.07790853828191757
41	1.5742	0.03565066406113636	0.07431276887655258
42	1.5914	0.03591104108766552	0.004259356763213873
43	1.5894	0.03568884632486739	0.026879403740167618
44	1.5856	0.03551352914031496	0.44708094000816345
45	1.6122	0.03592520129379931	0.270560622215271
46	1.5904	0.03538036336726913	0.0004459167248569429
47	1.6008	0.03586573361859478	0.2072405368089676
48	1.5846	0.03565946034364513	0.3218781650066376
49	1.5662	0.0354563338206307	0.0735849142074585
50	1.595	0.036263411312230404	0.18870240449905396
