1	2.13	0.05684980211047353	0.11158894002437592
2	2.1006	0.05669412096505245	0.1695212423801422
3	2.1116	0.05759289706205095	0.1651386320590973
4	2.1264	0.055829396127846494	0.06629510968923569
5	2.0968	0.057221093732993264	0.19174306094646454
6	2.124	0.056975110355312164	0.07891968637704849
7	2.1242	0.057355329726190216	0.7709249258041382
8	2.092	0.05682503673557984	0.17380960285663605
9	2.1142	0.05650774325700861	0.2826343774795532
10	2.0634	0.05615340409984064	0.3567822575569153
11	2.064	0.056684982138128975	0.05362348631024361
12	2.0932	0.056318778111745287	0.08130212128162384
13	2.0746	0.05742841380362161	0.029773728922009468
14	2.0866	0.055981968454137096	0.08969555050134659
15	2.0984	0.0562836689635635	0.6049584150314331
16	2.101	0.058097833006059696	0.08138754218816757
17	2.1154	0.056484237730538595	0.07096583396196365
18	2.0834	0.05650274322543995	0.07207995653152466
19	2.0942	0.057017781857943234	0.06737209111452103
20	2.1096	0.05791146787985951	0.9942914247512817
21	2.1012	0.05624913695337912	0.5158202648162842
22	2.11	0.0566468004392128	0.14463873207569122
23	2.0896	0.05595095452268889	0.26653972268104553
24	2.0902	0.05634993458736222	0.8933456540107727
25	2.0858	0.05672520646062032	0.1266312152147293
26	2.0812	0.05652443549474864	0.16390341520309448
27	2.1016	0.05699806480925471	0.2704910933971405
28	2.0826	0.055150693848763144	0.08194943517446518
29	2.0992	0.05673347202489901	0.24781230092048645
30	2.0972	0.056885445308971605	0.1622980535030365
31	2.1146	0.056899914868126136	0.00024321977980434895
32	2.1106	0.05569292371567508	0.06014423072338104
33	2.078	0.05691966971091805	0.36866071820259094
34	2.093	0.05771162621170885	0.10658226162195206
35	2.12	0.05682605036424755	0.01171026285737753
36	2.122	0.057373241149511506	0.6981278657913208
37	2.1094	0.057440899644765314	0.002000263426452875
38	2.1092	0.057086387589336915	0.4295569956302643
39	2.1288	0.057164140927682974	0.5079832077026367
40	2.084	0.056005171189810674	0.171497642993927
41	2.0794	0.056799050625868736	0.11657436937093735
42	2.1108	0.055979121536515755	0.2811194658279419
43	2.0902	0.05669387204980801	0.4178941249847412
44	2.107	0.056526735267482045	0.08709710091352463
45	2.1014	0.056443356314096	0.6093400716781616
46	2.069	0.055832877411073845	0.6686182022094727
47	2.1026	0.05663684164923042	0.5015221238136292
48	2.1068	0.05649237796375721	0.10398159176111221
49	2.0986	0.05692223179039979	0.027383314445614815
50	2.0966	0.05575915343690219	0.697520911693573
