1	13.8114	0.07327164575741393	0.0004220109840389341
2	13.8184	0.07217754908557086	0.3725683093070984
3	13.7894	0.07336024640089472	0.03338177502155304
4	13.7898	0.07178989293765548	0.6844980716705322
5	13.7338	0.07283191338966707	0.11615467071533203
6	13.8242	0.07334364217844692	0.1341191828250885
7	13.783	0.07187878546553238	0.07568848878145218
8	13.8342	0.07246239471615616	0.436840295791626
9	13.8112	0.07185929451365372	0.0023972252383828163
10	13.8162	0.07348980615024087	0.08886369317770004
11	13.7614	0.07268759228369007	0.0009002806036733091
12	13.7654	0.07403089295692716	0.013847198337316513
13	13.8414	0.07180781901715155	0.000660312594845891
14	13.7812	0.07248991521584228	0.0055118948221206665
15	13.7978	0.07254934381508887	0.040192559361457825
16	13.795	0.07176179345584978	0.00782878790050745
17	13.7456	0.07205598623292854	0.00027298147324472666
18	13.7694	0.07304028033900253	0.22351916134357452
19	13.79	0.07295245026728041	0.000675962888635695
20	13.8006	0.0726228018737919	0.2600198984146118
21	13.8194	0.07340606617984644	0.008332044817507267
22	13.7826	0.07294057191988546	0.0020084271673113108
23	13.811	0.0736813558507173	0.0014237305149435997
24	13.823	0.07352474277411633	7.064633973641321e-05
25	13.8472	0.0734289717209762	1.1235239981033374e-05
26	13.8128	0.0711772511972754	0.05992782860994339
27	13.818	0.0726430781286147	0.056125037372112274
28	13.8222	0.07315310579872841	0.04913809522986412
29	13.7886	0.07366463243646824	0.454298198223114
30	13.8338	0.07293613376098282	0.7067522406578064
31	13.8034	0.0726365417128323	0.17730572819709778
32	13.8046	0.07370016222505871	7.24517012713477e-05
33	13.8426	0.07268456116672976	1.4341686437546741e-05
34	13.827	0.07226290749755371	0.10524934530258179
35	13.7738	0.07304533118550456	0.0013646157458424568
36	13.7818	0.07212225570515648	0.096205934882164
37	13.849	0.07239142352516616	0.0006360093830153346
38	13.7844	0.07322356145394751	0.04304807633161545
39	13.7982	0.07233269086657856	0.5862432718276978
40	13.8058	0.07232036675791964	3.516539800330065e-05
41	13.7708	0.07286316797943937	0.05121852830052376
42	13.8258	0.07336032884331978	0.25034159421920776
43	13.8076	0.07446024464101597	0.03758171573281288
44	13.793	0.07119741427889102	0.3161560595035553
45	13.82	0.0735679277946579	0.00045818660873919725
46	13.8092	0.07287956948281187	0.26113876700401306
47	13.8066	0.07288946146048862	0.5828345417976379
48	13.7902	0.07216211698668468	0.10482878983020782
49	13.7776	0.0727676358829941	0.0017324704676866531
50	13.7894	0.07235720939892544	0.676796555519104
