1	0.646	0.03564535313333282	0.34326109290122986
2	0.651	0.03535418221370705	0.12418852746486664
3	0.6492	0.034968712415529395	0.5363338589668274
4	0.6454	0.03490481216107601	0.44725143909454346
5	0.6312	0.03464413093151566	0.05282476916909218
6	0.6314	0.03473616662788224	0.21389508247375488
7	0.6378	0.03518607804231668	0.12802577018737793
8	0.6172	0.03484817768549742	0.09242946654558182
9	0.6128	0.03436476521089588	0.07868120819330215
10	0.6454	0.03542690943336717	0.3135964870452881
11	0.6386	0.03487208155530725	0.0224696546792984
12	0.6224	0.0348056436802999	0.2438490092754364
13	0.622	0.034808171454415705	0.1255868673324585
14	0.6298	0.03536316626095576	0.00013045645027887076
15	0.6166	0.034954942311495804	0.4840777516365051
16	0.6392	0.03526814494696312	0.2425190806388855
17	0.6348	0.03485759785183139	0.7077227830886841
18	0.62	0.035252233971764114	0.04463336244225502
19	0.628	0.03474865177240694	0.09214755892753601
20	0.6372	0.035343416473227376	0.14633823931217194
21	0.631	0.03460390440398309	0.07192470133304596
22	0.623	0.03489481050242285	0.07214188575744629
23	0.6326	0.03450957884414123	0.13252830505371094
24	0.6538	0.0354138674533014	0.14800025522708893
25	0.632	0.03504164379705952	0.13181912899017334
26	0.6328	0.035087540352666494	0.09815926104784012
27	0.6372	0.03491299311144777	0.40975072979927063
28	0.6338	0.034459477767371925	0.3167969286441803
29	0.6416	0.035179383053146336	0.13140760362148285
30	0.6246	0.03500820920869847	0.16435526311397552
31	0.613	0.03447862816296495	0.04901382699608803
32	0.6514	0.03500314945829874	0.7775241732597351
33	0.6378	0.03506308725711414	0.09563807398080826
34	0.636	0.03509625621059888	0.27204349637031555
35	0.6266	0.034881949372132286	0.2913571298122406
36	0.6326	0.0350170106091311	0.14213652908802032
37	0.613	0.03494532586770368	0.16208431124687195
38	0.6246	0.03489490954279721	0.5221176743507385
39	0.6286	0.03473430108696589	0.2784632444381714
40	0.62	0.03438371707654656	0.11897456645965576
41	0.6276	0.034250442800057346	0.46027714014053345
42	0.6492	0.03571233467585114	0.15097489953041077
43	0.6284	0.034756354699536605	0.7517642974853516
44	0.6416	0.03575792208728018	0.5093663334846497
45	0.6362	0.035115369968149276	0.526156485080719
46	0.637	0.03504819253542185	0.7900193333625793
47	0.65	0.035625552627292674	0.14161011576652527
48	0.636	0.03524978297805534	0.2903822660446167
49	0.64	0.03525223397176412	0.8415966033935547
50	0.6432	0.03492117936152787	0.3438398838043213
