1	12.9214	0.05643225737111691	0.1697588711977005
2	12.9028	0.05629381749357567	0.0006317198276519775
3	12.9394	0.05727608359516219	0.21176671981811523
4	12.9244	0.057372749210753006	0.24291212856769562
5	12.8888	0.0574001934491516	0.05144090577960014
6	12.9048	0.05704950944574391	0.3036220967769623
7	12.9056	0.05702665650377907	0.10158076137304306
8	12.8842	0.05695245954302574	0.000685321690980345
9	12.898	0.05721741692876423	0.013458365574479103
10	12.9146	0.056802397062095694	1.228354358318029e-05
11	12.9092	0.05660635695750095	0.005794767290353775
12	12.8976	0.05695125663231676	0.1259126216173172
13	12.862	0.056146600965686036	0.115838423371315
14	12.8938	0.05669478642697204	7.038671901682392e-05
15	12.8552	0.05669655481596733	0.3205621540546417
16	12.9054	0.05664919692281627	0.09226642549037933
17	12.9098	0.05575262440459647	0.018023550510406494
18	12.891	0.056033688081367466	0.057937655597925186
19	12.9096	0.05667106944464742	0.00017764727817848325
20	12.8964	0.0567129674060528	0.0008308484684675932
21	12.8912	0.056236399315745755	0.11475741118192673
22	12.8838	0.05642389217343957	0.004868834745138884
23	12.8852	0.055996765335151584	0.2834702432155609
24	12.899	0.05622097651233038	0.0165964737534523
25	12.9146	0.0573511317412308	0.0004603088600561023
26	12.8868	0.05738060968654877	0.0012288385769352317
27	12.8826	0.0574250035437526	0.000883964414242655
28	12.9134	0.05700790113659689	0.002737650880590081
29	12.888	0.05618666033855388	0.6654079556465149
30	12.8988	0.05615946410000765	0.005908138118684292
31	12.8714	0.05599099634762754	0.012822036631405354
32	12.8926	0.05671611263124446	0.14929236471652985
33	12.894	0.05769311224054396	0.09209069609642029
34	12.8708	0.05626111666150982	0.0062630753964185715
35	12.8992	0.05719607371140055	0.0660925880074501
36	12.8686	0.055663284775514084	0.11271826922893524
37	12.8966	0.05712788453986384	0.052667975425720215
38	12.977	0.05745718231866222	0.10403212159872055
39	12.9188	0.057453040024005676	0.013013453222811222
40	12.9478	0.05674165390610273	0.003908749204128981
41	12.903	0.05824005322799755	0.010400592349469662
42	12.8734	0.05647291733211558	0.09858911484479904
43	12.9	0.05758749864336874	0.0031570487190037966
44	12.8854	0.056116310570100233	0.0002426835271762684
45	12.9016	0.05471390492370255	0.026438158005475998
46	12.8864	0.05580798394495207	0.650168776512146
47	12.89	0.057014208755361714	0.10884003341197968
48	12.8796	0.05687518713815376	0.003820842830464244
49	12.8746	0.056209382775476616	0.4256104528903961
50	12.8856	0.055572320016353344	0.0011925530852749944
