1	1.3554	0.023709144058780364	0.960907518863678
2	1.3724	0.0239593996585891	0.0506388321518898
3	1.3764	0.023906933554933386	0.07600623369216919
4	1.3658	0.023712921540797127	0.028256654739379883
5	1.37	0.023921120375099476	0.0014322286006063223
6	1.3646	0.023685445150978257	0.917813241481781
7	1.3544	0.023346116422223197	0.9541127681732178
8	1.3764	0.023906933554933386	0.040537700057029724
9	1.3722	0.024017512110957685	0.20473451912403107
10	1.3656	0.023771536593161162	0.9987720847129822
11	1.3744	0.023812693085831352	0.0594666488468647
12	1.3692	0.023852975663426146	0.106337770819664
13	1.3778	0.023995017982906375	0.10917951911687851
14	1.3698	0.02384379013495968	0.6946254968643188
15	1.3708	0.023549803566059728	0.23219402134418488
16	1.3802	0.02429992444432698	0.13408266007900238
17	1.3754	0.02416722392001201	0.9723478555679321
18	1.3724	0.023869076898782655	0.09392274171113968
19	1.3608	0.02343164629299444	0.2756596505641937
20	1.3622	0.02347722487859243	0.31956759095191956
21	1.3658	0.023361135417611888	0.9833444952964783
22	1.3624	0.02338715955390907	0.8461648225784302
23	1.3762	0.02405519503142719	0.060093313455581665
24	1.3634	0.023869913950410465	0.07872043550014496
25	1.3726	0.02403631901935069	0.19393590092658997
26	1.3764	0.023725544714505484	0.06441675871610641
27	1.386	0.024379647249293833	0.13951846957206726
28	1.3832	0.024561839670513286	0.11786087602376938
29	1.367	0.02395161372434015	0.8458249568939209
30	1.3598	0.02358938591824722	0.7616912126541138
31	1.3674	0.023515761352760838	0.3111550211906433
32	1.373	0.023678002449531086	0.21674686670303345
33	1.3706	0.024359395559003516	0.3053564131259918
34	1.3624	0.023525289201197938	0.288913369178772
35	1.3826	0.024038116232350654	0.16212399303913116
36	1.3742	0.024185819150899138	0.08065764605998993
37	1.358	0.023600525417879985	0.07472164183855057
38	1.3726	0.023780341292756916	0.06228089705109596
39	1.3654	0.02386019932858903	0.009335711598396301
40	1.3612	0.023922420613307502	0.979653000831604
41	1.3584	0.023451844106594247	0.05067908391356468
42	1.367	0.023891416868825503	0.16539748013019562
43	1.3752	0.024254585710747567	0.02679445780813694
44	1.3548	0.023534878967184016	0.4993688464164734
45	1.3812	0.024055681407933554	0.02760407142341137
46	1.3698	0.02400929669940377	0.10507716983556747
47	1.3686	0.023847039061485175	0.5158125162124634
48	1.3772	0.024154011840686017	0.6143137216567993
49	1.3742	0.02387119284828472	0.07492168247699738
50	1.3626	0.02413168522917536	0.06177595257759094
