1	2.1864	0.03347266156133988	0.18774616718292236
2	2.16	0.033352661063249495	0.7276737093925476
3	2.1706	0.03343609056094928	8.483079909638036e-06
4	2.1938	0.033649291344692536	0.5210203528404236
5	2.1722	0.0332160335982489	0.09696003794670105
6	2.1602	0.03410344158585757	0.059390850365161896
7	2.1848	0.03342406510285664	0.00015732365136500448
8	2.1728	0.03356087436286484	0.2821542024612427
9	2.169	0.032941010913449524	0.8157901763916016
10	2.1752	0.0337204526660008	0.002505068900063634
11	2.177	0.033483843865362864	0.06639084219932556
12	2.16	0.03389867254038128	0.0003634114400483668
13	2.1674	0.03335744342721725	0.08993729948997498
14	2.1614	0.033614729985528675	0.14171648025512695
15	2.1496	0.03304959473276488	0.0052943448536098
16	2.1792	0.03313302352638528	2.2667292796541005e-05
17	2.1544	0.03387106659082352	0.3853681683540344
18	2.1638	0.03377551195762987	0.14924244582653046
19	2.1752	0.033452487620504415	0.0006180705386213958
20	2.1612	0.03336384582148766	7.780089617881458e-06
21	2.1768	0.03353408964024519	0.04170683026313782
22	2.179	0.03331375391636317	0.07895877212285995
23	2.1956	0.0334103749155857	0.0005446926807053387
24	2.1762	0.03348068708972382	7.983175237313844e-06
25	2.1532	0.03345315482880501	0.001385749434120953
26	2.1706	0.033821474716517044	0.592015266418457
27	2.1818	0.03363075628052395	0.011297829449176788
28	2.1756	0.03328687957739502	0.021923156455159187
29	2.1752	0.033943908555144335	0.334494948387146
30	2.1698	0.03367940510163443	0.35072842240333557
31	2.186	0.03358403191994673	1.1462231668701861e-05
32	2.1738	0.033781480251759255	0.012868301011621952
33	2.1682	0.033285368677543586	0.24436956644058228
34	2.173	0.03339233145499128	0.05464405566453934
35	2.17	0.03304633111254561	0.01179985236376524
36	2.1618	0.03324511043747636	0.0009190668351948261
37	2.1822	0.03336893297664763	0.30090782046318054
38	2.1694	0.03352232915535554	0.10008883476257324
39	2.1828	0.03332523800365124	0.09036965668201447
40	2.1714	0.03325597197497013	0.08390117436647415
41	2.1774	0.0336730252873127	0.8902971148490906
42	2.1858	0.03296393556600911	0.0012247355189174414
43	2.1726	0.03337449073768767	0.21613457798957825
44	2.1684	0.03341847680550386	0.34719517827033997
45	2.1656	0.034009380353073174	0.05570760741829872
46	2.1774	0.03345852106713625	0.1710062026977539
47	2.1692	0.03369018325862892	0.2701963782310486
48	2.1582	0.033502700906046366	3.173860386596061e-05
49	2.1726	0.03346067291612647	0.034787606447935104
50	2.1722	0.03303127136517758	0.00032551464391872287
