1	4.211	0.072717413320332	0.1575508564710617
2	4.2308	0.07361600673766538	0.24049673974514008
3	4.1798	0.07351740969321485	0.006854977458715439
4	4.193	0.07306895236692536	0.03481912985444069
5	4.1854	0.07445111357125564	0.8793328404426575
6	4.1826	0.07290996524481409	0.030211616307497025
7	4.1882	0.07194473829266458	0.10137811303138733
8	4.2118	0.07218651791020256	0.7859926223754883
9	4.182	0.07309265900211863	0.000882370863109827
10	4.2086	0.07265063573018482	1.0430088650537073e-06
11	4.1986	0.07316996974169115	0.5159784555435181
12	4.1762	0.07149766715075397	2.52738445851719e-05
13	4.223	0.07207085263821986	0.08754149824380875
14	4.166	0.07229494588143762	0.1546028107404709
15	4.1734	0.07262395191670584	0.16252291202545166
16	4.1726	0.07241392567731703	0.27173280715942383
17	4.2144	0.0724887491408149	0.1437271386384964
18	4.2082	0.07331858542006933	0.14267376065254211
19	4.1664	0.07234307065642154	0.34152039885520935
20	4.2198	0.07315926686346713	0.010677209123969078
21	4.2026	0.07354777924587524	0.00015663403610233217
22	4.2062	0.07319608464938548	0.0671996995806694
23	4.1954	0.07225976689693922	0.0831390917301178
24	4.1702	0.07219014841375515	0.07691490650177002
25	4.2028	0.07216072261278984	0.7940689325332642
26	4.1896	0.0721903962587822	0.000456114299595356
27	4.2076	0.07155993314697827	0.1433793157339096
28	4.253	0.07334482803851952	0.06779661774635315
29	4.1722	0.07256958652217879	0.08592044562101364
30	4.179	0.07086809013935678	0.39765748381614685
31	4.193	0.07174644102671579	0.05007503554224968
32	4.2218	0.07243126788894419	0.4626096785068512
33	4.219	0.07299116521881255	0.17912259697914124
34	4.1994	0.07193046191982924	0.14647774398326874
35	4.1954	0.07275131553449733	0.21818414330482483
36	4.1758	0.0727077014352675	0.00024245766690000892
37	4.227	0.07302607616461397	0.019484350457787514
38	4.1884	0.07211123207933702	0.02124168910086155
39	4.1978	0.07213331607516739	0.8572973608970642
40	4.1834	0.07343770143461736	0.5306549072265625
41	4.244	0.07329908048536492	0.11203368753194809
42	4.2062	0.07334839335663737	0.1224781945347786
43	4.2512	0.07234540350291786	0.10588250309228897
44	4.1686	0.07242094498140718	0.17961566150188446
45	4.2228	0.07313062482982075	0.2099698781967163
46	4.2268	0.07289150271465117	0.26813361048698425
47	4.183	0.07331193490830809	0.006024627014994621
48	4.2054	0.07239405715941057	0.009816805832087994
49	4.188	0.07300123834566101	0.01574592851102352
50	4.1562	0.07090925756204192	0.03590593487024307
