1	3.6054	0.025515554314966375	0.06340198963880539
2	3.5984	0.025762208600972118	0.07644307613372803
3	3.5972	0.025602224278370805	0.2574009299278259
4	3.5994	0.02579719659187795	0.23284420371055603
5	3.5996	0.02531686615677381	0.32207342982292175
6	3.5978	0.02528682044069602	0.06833729892969131
7	3.6088	0.025062573850265273	0.20170828700065613
8	3.5948	0.025632466287893486	0.06021670997142792
9	3.6088	0.025177223993125213	0.3892369270324707
10	3.58	0.02619465594353168	0.09448204189538956
11	3.6058	0.025484337307452254	0.1021292433142662
12	3.5998	0.02554196405917132	0.07164119929075241
13	3.5958	0.02584956959022719	0.12941524386405945
14	3.5926	0.02549206605985478	0.12020206451416016
15	3.6176	0.02493323950071468	0.023303912952542305
16	3.6058	0.025639255995445802	0.9815590381622314
17	3.608	0.025240538821506994	0.14682342112064362
18	3.6	0.025484112697914337	0.05850810930132866
19	3.5898	0.025734893199700695	0.06248016282916069
20	3.5924	0.026162416402159813	0.14011503756046295
21	3.6102	0.0250515613884644	0.2556803226470947
22	3.5944	0.025789136317449644	0.013711155392229557
23	3.5986	0.025536257987418643	0.18734054267406464
24	3.603	0.02493398885056298	0.06479325890541077
25	3.6064	0.02540909821304179	0.08526328951120377
26	3.6	0.025610935164495648	0.06331498175859451
27	3.5998	0.025129901074218343	0.3378360867500305
28	3.599	0.025674076419610496	0.05033501610159874
29	3.6112	0.02507233949993496	0.9711622595787048
30	3.6074	0.025044708662709553	0.08656732738018036
31	3.6038	0.025243732053719797	0.23785392940044403
32	3.5916	0.025540888629803013	0.05836179852485657
33	3.6172	0.02506622205279445	0.411659836769104
34	3.592	0.025636786070020547	0.7147438526153564
35	3.612	0.025151954198431543	0.48520487546920776
36	3.5934	0.02558549573488851	0.04415958374738693
37	3.6068	0.025106747459597446	0.07175756245851517
38	3.5874	0.026124514005048914	0.9818941950798035
39	3.6068	0.025092404587843002	0.9998125433921814
40	3.6052	0.025403923476502596	0.5947039723396301
41	3.603	0.025320817522347067	0.14162129163742065
42	3.6012	0.025333878660797338	0.0752779021859169
43	3.6118	0.025522957665599783	0.11324946582317352
44	3.5928	0.025952623913585347	0.0930011123418808
45	3.6094	0.024652321432270828	0.810936689376831
46	3.5852	0.025650998577053503	0.17950770258903503
47	3.5966	0.02526664188213388	0.061155665665864944
48	3.6038	0.025414287477716138	0.7346165776252747
49	3.6008	0.025308315787503553	0.11998813599348068
50	3.5934	0.025837522946288792	0.14914332330226898
