1	3.8364	0.0809714954289471	0.5327205061912537
2	3.7742	0.07971665978953206	0.015232045203447342
3	3.8144	0.08238540375576246	0.7538284063339233
4	3.8604	0.08060695572963912	0.9975394606590271
5	3.8464	0.0822416723565371	0.1788916140794754
6	3.811	0.08014076490775464	0.0808427631855011
7	3.7934	0.08005354203281699	0.06656043976545334
8	3.8498	0.08231203999415881	0.19524385035037994
9	3.8452	0.08122454387683566	0.07678841054439545
10	3.8098	0.0802344260775884	0.19701454043388367
11	3.8108	0.08080870032366563	0.06655160337686539
12	3.8498	0.08137955472967394	0.15895146131515503
13	3.8498	0.08405184071750003	0.2868070900440216
14	3.857	0.08183075094363973	0.04371008649468422
15	3.7972	0.08104745454361909	0.3670416474342346
16	3.8256	0.07963951501610239	0.1160234585404396
17	3.8346	0.0823863891185917	0.014302903786301613
18	3.868	0.08261039159815188	0.2625975012779236
19	3.8374	0.08024045259094693	0.05641104653477669
20	3.8508	0.08091038776325321	0.26159727573394775
21	3.8334	0.08152104017982106	0.2885740101337433
22	3.9066	0.0826898880879639	0.2482336014509201
23	3.8826	0.0806639388574597	0.42543548345565796
24	3.8688	0.08131258087159698	0.680152952671051
25	3.8288	0.08051511043276283	0.055690865963697433
26	3.8312	0.08095228105495236	0.10246407985687256
27	3.8406	0.0807840637254651	0.14674529433250427
28	3.7984	0.08058959853479852	0.06542892754077911
29	3.8554	0.08179928796756117	0.6826301217079163
30	3.7834	0.07924640049869774	0.13390402495861053
31	3.805	0.08058979463927181	0.24233175814151764
32	3.8398	0.08276668851657654	0.06830338388681412
33	3.8372	0.08173991123068337	0.10482093691825867
34	3.8982	0.08181409516703096	0.14158053696155548
35	3.8596	0.08205631061655162	0.8420172929763794
36	3.8244	0.08102849098928105	0.02350928634405136
37	3.865	0.08083733667062516	0.11022545397281647
38	3.8458	0.08087793424661634	0.9739546179771423
39	3.8582	0.08142878464032238	0.2548274099826813
40	3.8194	0.08104647155798947	0.015507706440985203
41	3.8588	0.08209770159998389	0.00022902386263012886
42	3.8712	0.08208616818928754	0.09189103543758392
43	3.8466	0.08157648675935977	0.06201072782278061
44	3.862	0.081844002834661	0.22875730693340302
45	3.8032	0.0796856672683363	0.21288719773292542
46	3.8098	0.08103359258974022	0.4153662323951721
47	3.81	0.08226238508577297	0.9555829167366028
48	3.8358	0.08047651239958153	0.13661015033721924
49	3.839	0.08216143986080088	0.06480109691619873
50	3.7878	0.08079274774384147	0.6336199641227722
