1	2.4076	0.0417045804678575	0.420098215341568
2	2.3642	0.04168938771438123	0.36685216426849365
3	2.406	0.042170311831903715	0.06870581209659576
4	2.3918	0.04156689750270041	0.356429785490036
5	2.3746	0.041523182825982885	0.22127453982830048
6	2.3906	0.042043512603016406	0.0823308527469635
7	2.4018	0.04191326959329227	0.0773254781961441
8	2.3968	0.04173666934483393	0.15715958178043365
9	2.413	0.04187189749700868	0.6222301125526428
10	2.392	0.041333337634408385	0.9311665296554565
11	2.3808	0.041616636673330556	0.09716466814279556
12	2.416	0.0413030168389671	0.41512882709503174
13	2.3936	0.04146254058786074	0.24031488597393036
14	2.4028	0.0407592184419672	0.10732880234718323
15	2.4154	0.041379186942229786	0.03766487166285515
16	2.3978	0.041559587197179886	0.9912736415863037
17	2.39	0.04119296056366911	0.05858121067285538
18	2.3776	0.04111244132862943	0.12025419622659683
19	2.4076	0.041069599851958634	0.3256048560142517
20	2.3906	0.04133542006560475	0.0928637906908989
21	2.4148	0.04190434020480456	0.00792758073657751
22	2.4162	0.041190285359535936	0.02804594859480858
23	2.42	0.041002438951847735	0.6937634348869324
24	2.4026	0.041718626918919546	0.31509628891944885
25	2.3968	0.04161573702339058	0.08007897436618805
26	2.3808	0.041616636673330556	0.7684325575828552
27	2.4028	0.04173672109785338	0.45728006958961487
28	2.4138	0.041659395194841686	0.0014028787845745683
29	2.3984	0.04151023237708986	0.13051629066467285
30	2.413	0.041239493207361345	0.3490133285522461
31	2.4096	0.04152216410545095	0.6694523692131042
32	2.422	0.04172300085084962	0.1519618183374405
33	2.415	0.041334186819145226	0.12880319356918335
34	2.4056	0.04138453276285717	0.22368651628494263
35	2.3952	0.041234821789356634	0.2698463797569275
36	2.3974	0.041113645326095793	0.12772159278392792
37	2.3978	0.04157690811015172	0.1668110340833664
38	2.37	0.041462995550249376	0.6606196165084839
39	2.4168	0.04098219086383744	0.33583393692970276
40	2.4062	0.04110769767330688	0.16802816092967987
41	2.3774	0.04172846309175547	0.08190499246120453
42	2.4086	0.040950737136222604	0.0002628110523801297
43	2.426	0.041354844939861635	0.2744135558605194
44	2.396	0.04097573916355873	0.0593242309987545
45	2.3896	0.041556483393088005	0.15109053254127502
46	2.404	0.0410985547191139	0.14466141164302826
47	2.3984	0.040411624466234954	0.12854672968387604
48	2.406	0.041229300260858165	0.4628358781337738
49	2.4186	0.041015037144930155	0.45314255356788635
50	2.3984	0.04090744910160006	0.7576995491981506
