1	0.5973333333333334	0.0038802176342170374	0.2059948891401291
2	0.5973666666666667	0.0039309266931178664	0.014507589861750603
3	0.5974111111111111	0.0039450309391830165	0.3090461194515228
4	0.5988888888888889	0.003996943276499618	0.32700565457344055
5	0.5968111111111112	0.003902951333428473	0.06493749469518661
6	0.5957333333333334	0.003874834591451726	0.006252026651054621
7	0.5950777777777778	0.0039407486880315345	0.21275807917118073
8	0.5979888888888889	0.00396260966199464	0.07220470905303955
9	0.5981666666666666	0.0038878092945913993	0.05606745555996895
10	0.5948777777777778	0.003941248504950904	0.6366117596626282
11	0.5988666666666667	0.003945337501405934	0.08063088357448578
12	0.5979555555555556	0.003894387528511038	0.4290497601032257
13	0.5972888888888889	0.003922370711699763	0.5262149572372437
14	0.5956555555555555	0.0039041322552734676	0.0032413082662969828
15	0.5954333333333334	0.003928077816608698	0.05519966408610344
16	0.5982777777777777	0.003912117215921757	0.003556026378646493
17	0.5972	0.003944123504940273	0.021276844665408134
18	0.5971222222222222	0.003983575139104187	0.0005335944006219506
19	0.5961777777777778	0.003883974596552685	0.04051957279443741
20	0.5967777777777777	0.0038814630689413612	0.7131580114364624
21	0.5975111111111111	0.003970497421958349	0.06407953798770905
22	0.5993	0.003973664164079393	0.09857192635536194
23	0.5973777777777778	0.003926047036566588	0.9203791618347168
24	0.5976222222222223	0.00392672337253903	0.06283541768789291
25	0.5975444444444444	0.003940224443691854	0.0005130740464664996
26	0.5972333333333333	0.003890872481419406	0.003939103800803423
27	0.5962666666666667	0.003932064880215243	0.05663779377937317
28	0.5968666666666667	0.003983479104724647	0.021229518577456474
29	0.5989333333333334	0.0039106346174388375	0.5364974141120911
30	0.5977444444444444	0.003969544922140188	0.2316279411315918
31	0.5977111111111111	0.003972560439369626	0.053118955343961716
32	0.5977111111111111	0.003913383418191701	0.0037814381066709757
33	0.5988222222222223	0.003969236254551308	0.007044618483632803
34	0.6000333333333333	0.0038577768785201354	0.10417234152555466
35	0.5986777777777778	0.0039280427413379655	0.17795239388942719
36	0.5967555555555556	0.0038941761644794614	0.41928771138191223
37	0.5978888888888889	0.0039085063927569875	0.2883419394493103
38	0.5971444444444445	0.003991795780792841	0.12985678017139435
39	0.5972444444444445	0.003918120184192638	0.09998813271522522
40	0.5958333333333334	0.0039212915956069365	0.05775298550724983
41	0.5970444444444445	0.003887222487415214	0.015535014681518078
42	0.5985444444444444	0.003925864066249207	0.782940685749054
43	0.5968444444444444	0.0039975365747753665	0.33396342396736145
44	0.5971888888888889	0.003934886444782541	0.06817977130413055
45	0.5983666666666666	0.003926247600728001	0.011939844116568565
46	0.5978111111111112	0.003956771720031926	0.24753914773464203
47	0.5976777777777778	0.003970539258085737	0.05318457633256912
48	0.598	0.003982673585531323	0.07223981618881226
49	0.5964777777777778	0.003903004853813132	0.541195809841156
50	0.5965222222222222	0.003941264066824825	0.6514660120010376
