1	1.0438	0.008682557687686249	0.13520461320877075
2	1.0466	0.00894266134883793	0.09620805084705353
3	1.0466	0.00894266134883793	0.2815329432487488
4	1.0432	0.008625587979958247	0.21159277856349945
5	1.052	0.009419808915259353	0.005018589086830616
6	1.0482	0.009087253050289738	0.4964199662208557
7	1.0504	0.009281579175980787	0.1031016930937767
8	1.0404	0.008353568818175857	0.0007231216877698898
9	1.047	0.008979075676259803	0.053821809589862823
10	1.0476	0.009033362164775623	0.0537588857114315
11	1.0514	0.00936826942396514	0.0795547366142273
12	1.0498	0.009229080560922615	0.078513965010643
13	1.0462	0.008906065798095133	0.2493264228105545
14	1.046	0.008887699364852508	0.07148226350545883
15	1.0478	0.009051369399157225	0.19358207285404205
16	1.0484	0.009105129982597722	0.02822127938270569
17	1.0454	0.008832322004999579	0.05089084431529045
18	1.05	0.009246621004453452	0.29492220282554626
19	1.0486	0.009122963992036798	0.06518182158470154
20	1.05	0.009246621004453452	0.0558382011950016
21	1.0508	0.009316375260797542	0.06738881766796112
22	1.0502	0.009264120465537996	0.10781153291463852
23	1.0438	0.008682557687686249	0.12483911961317062
24	1.0466	0.00894266134883793	0.11309045553207397
25	1.0452	0.008813769227748153	0.24921797215938568
26	1.0506	0.009298997365307728	0.7658860087394714
27	1.045	0.00879516912856145	0.008590242825448513
28	1.0506	0.009298997365307728	0.0008097242098301649
29	1.0468	0.008960891027124496	0.4152006506919861
30	1.0452	0.008813769227748153	0.383738249540329
31	1.0438	0.008682557687686249	0.18593300879001617
32	1.0424	0.008548919931780845	0.5569312572479248
33	1.051	0.009333713087512394	0.05381501838564873
34	1.0458	0.008869286780795843	0.052676573395729065
35	1.0466	0.00894266134883793	0.36045679450035095
36	1.0448	0.008776521406571067	0.48151707649230957
37	1.0474	0.009015310976333527	0.05516500025987625
38	1.047	0.008979075676259803	0.8060542345046997
39	1.0452	0.008813769227748153	0.053869038820266724
40	1.049	0.009158504244689745	0.05084822699427605
41	1.0424	0.008548919931780845	0.08839724212884903
42	1.0478	0.009051369399157225	0.00023120480182114989
43	1.0444	0.008739081873972805	0.22542086243629456
44	1.0468	0.008960891027124496	0.025905856862664223
45	1.0468	0.008960891027124496	0.057078998535871506
46	1.0446	0.008757825757572484	0.11251356452703476
47	1.0466	0.00894266134883793	0.13311472535133362
48	1.0418	0.008490875573225627	0.11340712755918503
49	1.0536	0.009555557126614853	0.14971163868904114
50	1.0424	0.008548919931780845	0.35905787348747253
