1	8.3802	0.051531022966752826	0.132964625954628
2	8.3394	0.05274214398372533	0.23959392309188843
3	8.352	0.05237721642088285	0.18182282149791718
4	8.3532	0.05234204397995963	0.7579549551010132
5	8.3874	0.05130826670235535	0.20213574171066284
6	8.3922	0.05115821036744717	0.10899177938699722
7	8.3664	0.05195028269412966	0.06912453472614288
8	8.37	0.05184187496609302	0.24038755893707275
9	8.3628	0.05205801655845122	0.03579283878207207
10	8.37	0.05184187496609302	0.445398211479187
11	8.3916	0.051177035787547995	0.08049068599939346
12	8.3886	0.051270869623988115	0.0735299214720726
13	8.3652	0.05198626864855754	0.16510115563869476
14	8.3256	0.05313278039026387	0.47159087657928467
15	8.3442	0.05260406303699329	0.07370966672897339
16	8.3562	0.05225379228343169	0.05405198037624359
17	8.3868	0.05132693608623086	0.08121652901172638
18	8.3364	0.05282786264841707	0.936585009098053
19	8.3592	0.052165080734146566	0.19097143411636353
20	8.346	0.05255198569036187	0.07733834534883499
21	8.3898	0.05123339465622012	0.07911379635334015
22	8.403	0.05081597977014707	0.07124221324920654
23	8.4072	0.05068114726404695	0.6468439102172852
24	8.364	0.0520221798851217	0.48925352096557617
25	8.3964	0.05102588237355629	0.057218316942453384
26	8.3622	0.05207590698202035	0.830286979675293
27	8.3712	0.05180558857883951	0.09711550921201706
28	8.3754	0.05167799059561029	0.06352013349533081
29	8.3898	0.05123339465622012	0.9808327555656433
30	8.3688	0.05187808600941238	0.07789533585309982
31	8.3424	0.0526559781221469	0.06172381341457367
32	8.3574	0.05221836297702189	0.20515836775302887
33	8.3646	0.05200423359689113	0.06255989521741867
34	8.3454	0.05256936286469518	0.1551603078842163
35	8.379	0.05156787953755722	0.9979428648948669
36	8.3964	0.05102588237355629	0.06759728491306305
37	8.4174	0.050349568339758004	0.3979080021381378
38	8.3814	0.05149408968027336	0.5486750602722168
39	8.3664	0.05195028269412966	0.07057345658540726
40	8.3988	0.050949832266652444	0.6924600601196289
41	8.3454	0.05256936286469518	0.14904449880123138
42	8.3208	0.05326647395876688	0.0400184765458107
43	8.376	0.05165968641019831	0.2930281460285187
44	8.3568	0.05223608683659239	0.07800980657339096
45	8.3412	0.052690498270560715	0.997702956199646
46	8.3916	0.051177035787547995	0.05970153585076332
47	8.3838	0.05141999229871566	0.0802735909819603
48	8.3688	0.05187808600941238	0.4495287835597992
49	8.3814	0.05149408968027336	0.10278362035751343
50	8.3562	0.05225379228343169	0.2016378790140152
