1	3.753	0.07789829138049176	0.536617636680603
2	4.139772045590882	0.13503204646184067	0.2344072312116623
3	4.774263904034896	0.18575372357309855	0.09424636512994766
4	5.25818852837152	0.21068566362127122	0.11212996393442154
5	5.260494752623688	0.20577582395373462	0.05366974696516991
6	5.390304847576212	0.20564138302105905	0.05853271484375
7	5.537022229329922	0.20323123069442417	0.057452283799648285
8	5.731218159540853	0.1997675617476941	0.1242990791797638
9	5.908354377104377	0.19824918308241316	0.06576868891716003
10	6.136685644747708	0.19567736602979047	0.13377323746681213
11	6.408724100327154	0.1953252049888864	0.13569031655788422
12	6.669557995755283	0.19329460637715593	0.1315172165632248
13	6.857308218457329	0.18859858939256727	0.700445294380188
14	7.087110626405835	0.18650206403766717	0.09177535027265549
15	7.300688917923744	0.18384980810545765	0.07443921267986298
16	7.5581848213509515	0.18286882593932993	0.0615338496863842
17	7.7792235757352035	0.18107112463033115	0.06963825970888138
18	7.9620636290179	0.1789767971254306	0.10191799700260162
19	8.120488726416252	0.17621805924302278	0.1639409065246582
20	8.282161756095405	0.17411466770095643	0.06570672243833542
21	8.465946810637872	0.17271348337989986	0.19709394872188568
22	8.634315267085375	0.17083054311592688	0.08993252366781235
23	8.797190554421599	0.16895137455286355	0.08231732249259949
24	8.954882416003285	0.16724536824454675	0.09100572019815445
25	9.143500391542679	0.16598574697632104	0.13537727296352386
26	9.315155620061281	0.16471375425614004	0.05686502903699875
27	9.497600372479496	0.16360729418348258	0.21113646030426025
28	9.656134539431775	0.16215760249888397	0.06969442218542099
29	9.854912693013379	0.16153378716722666	0.0520368292927742
30	10.030942801244057	0.16073027357866032	0.10312525182962418
31	10.212519660270525	0.16011137612285736	0.2321762889623642
32	10.385777014368651	0.1592978399118436	0.13215284049510956
33	10.55630117929748	0.1585631231629234	0.4288763105869293
34	10.745194827400356	0.1580820978709927	0.17704768478870392
35	10.921151246436501	0.15746822824067463	0.07221639901399612
36	11.078000892458723	0.1566990142125582	0.09568443149328232
37	11.257408541539077	0.1561038966306179	0.0876254215836525
38	11.429074332099741	0.1555585428138622	0.05144556984305382
39	11.600382006967	0.15513509195436972	0.07853444665670395
40	11.78213181586999	0.15492062025643236	0.1972711682319641
41	11.977063082219521	0.15464605859373548	0.05869476869702339
42	12.174334583812202	0.15456182040999972	0.32679688930511475
43	12.348774630230839	0.1541044307975859	0.19388402998447418
44	12.512970300716471	0.15363807252999317	0.06710387021303177
45	12.68682380701358	0.15331931038177143	0.11209229379892349
46	12.855081042706157	0.15292195179006088	0.10355670005083084
47	13.028565906159457	0.1526181599307762	0.07674072682857513
48	13.186678691295159	0.15216441349063153	0.1614084243774414
49	13.384429784482153	0.1520976878940768	0.154338076710701
50	13.566651322234756	0.151883851073212	0.10684682428836823
