1	0.9404777777777777	0.005385062694363223	0.5161037445068359
2	0.9354888888888887	0.00552158117450676	0.36721518635749817
3	0.939211111111111	0.005406902152701591	0.8998961448669434
4	0.9398611111111111	0.00542035451382615	0.043371036648750305
5	0.9357055555555555	0.005526655966012994	0.11975735425949097
6	0.9429055555555554	0.00527071717131555	0.6090160608291626
7	0.9387222222222222	0.005413096772335282	0.08800183981657028
8	0.9427611111111112	0.005288788934046126	0.41003865003585815
9	0.9389111111111109	0.005401275487224262	0.002415732480585575
10	0.9415833333333332	0.005340566839453208	0.14900965988636017
11	0.94235	0.005310382236713276	0.6123616695404053
12	0.9367388888888889	0.005499349613060295	0.434770405292511
13	0.9371722222222221	0.005505409052317007	0.0538053996860981
14	0.9367611111111109	0.005503343988481582	0.21062864363193512
15	0.9387277777777777	0.005437759746031039	0.0002333719312446192
16	0.9393166666666666	0.005390336368601415	0.003878662595525384
17	0.9407388888888889	0.005366097852878474	0.5305719375610352
18	0.9383611111111111	0.005431062792451919	0.00032190719502978027
19	0.9395055555555555	0.005402235540341943	0.35284867882728577
20	0.9400611111111111	0.0053984693252398346	0.08536754548549652
21	0.9346333333333334	0.005562429744874649	0.006010073237121105
22	0.9391	0.005393126056997623	0.0679728239774704
23	0.9414222222222223	0.005330020137547965	0.7366985082626343
24	0.9349333333333332	0.005580566757358412	0.22893796861171722
25	0.9401277777777778	0.005375981930979861	0.0015592765994369984
26	0.9372666666666666	0.005472307739884566	0.062175948172807693
27	0.9404166666666668	0.00536738802087817	0.06869252771139145
28	0.9390944444444446	0.005420166207988657	0.3593027889728546
29	0.9409166666666666	0.005342969289948565	0.2950511872768402
30	0.9400166666666668	0.005387278177954633	0.05430015176534653
31	0.9372555555555555	0.005520344011019621	0.0024779564701020718
32	0.9401166666666668	0.005400247725799209	0.9797036051750183
33	0.9400944444444446	0.005357766486346901	0.0704648494720459
34	0.9396444444444445	0.005393584172164357	0.17928114533424377
35	0.9375166666666668	0.005493329242514659	0.013247576542198658
36	0.9399277777777777	0.005394874269979704	0.6835523843765259
37	0.94125	0.00535269597181333	0.9910081624984741
38	0.93795	0.0054673700716158045	0.4332372546195984
39	0.9384333333333332	0.0054673743241157955	0.25052422285079956
40	0.9382722222222223	0.00543732306991836	0.9968140125274658
41	0.9395777777777777	0.005431045653360773	0.2246668040752411
42	0.9409222222222222	0.005368571318330415	0.017615562304854393
43	0.9382055555555555	0.005445762220907823	0.30923324823379517
44	0.9386	0.005451061547992279	0.02052578330039978
45	0.9399777777777777	0.005379557933097847	0.0072336504235863686
46	0.9385388888888887	0.005437856149255974	0.9832166433334351
47	0.9411833333333333	0.005338281199662181	0.004967465065419674
48	0.9359388888888889	0.005529270792789953	0.008209843188524246
49	0.9400166666666668	0.005400564738987902	0.12079936265945435
50	0.9385833333333334	0.005429354243369975	0.001449159812182188
