1	2.9984	0.025484022288484957	0.0001351127721136436
2	3.0048	0.0257363270106673	2.228147968708072e-05
3	3.0044	0.02521359062093298	1.9065325886913342e-06
4	2.9958	0.025952422777074234	0.037028081715106964
5	3.0132	0.025520312850746962	0.008324886672198772
6	2.9894	0.024959121619159676	0.06399122625589371
7	3.01	0.02458902194069549	0.10004642605781555
8	2.9868	0.02525086865832535	0.0015253993915393949
9	2.9972	0.02524254123498665	0.003576624905690551
10	2.9974	0.025278208639063042	0.0029259929433465004
11	2.9788	0.025679388777772694	0.0038088366854935884
12	3.0028	0.02589026627904782	0.033386774361133575
13	3.0046	0.025910652481170814	6.191357533680275e-05
14	3.0176	0.02533145143887342	0.006058500148355961
15	3.0044	0.025398526571437173	0.0005729563417844474
16	3.0038	0.024803507977703473	0.004266518168151379
17	2.9982	0.025235573462871745	1.9648285160656087e-05
18	2.998	0.02568098128966253	0.010491102002561092
19	2.9998	0.02543462065767836	1.6514699382241815e-05
20	2.9974	0.025505055028366495	0.0007110334699973464
21	3.0114	0.026003962621108323	0.01826529949903488
22	3.006	0.0246936267081205	0.00016468467947561294
23	2.9948	0.025012623373009045	0.09889817237854004
24	3.0202	0.02582761173627947	0.25328579545021057
25	2.9894	0.025458942476073172	0.00014784405357204378
26	2.9924	0.0260548658027632	1.8354594431002624e-05
27	2.9978	0.025149777096427746	0.0002427995641482994
28	3.0132	0.02493524349189314	0.0007093318272382021
29	2.9902	0.02533193889144688	7.0882000727579e-05
30	2.9902	0.025740767820715806	1.0026088830272784e-06
31	3.0204	0.025596306608571526	0.07958677411079407
32	3.0084	0.025125942609183848	0.002676507458090782
33	2.987	0.025400311021717803	0.0038650964852422476
34	3.0076	0.024823698999141892	0.0042747692205011845
35	3.0052	0.02593128087850658	0.00399278337135911
36	2.997	0.02557545307516565	4.920756691717543e-05
37	2.9866	0.025737847462443335	0.10363470762968063
38	2.997	0.025911074852271204	0.0008540948037989438
39	3.004	0.02593166404224769	0.000322084641084075
40	3.0012	0.025356604820046414	0.0005641750176437199
41	2.9938	0.026076249883754423	0.013904731720685959
42	2.9978	0.025306743923310226	8.678420999785885e-05
43	2.9964	0.02579257009295509	0.0036485709715634584
44	3.0002	0.025674110072210862	0.010351231321692467
45	2.9966	0.025106556753167093	0.0018425150774419308
46	3.0068	0.025397574057377997	0.0010740921134129167
47	2.9872	0.025450050844742937	0.00022051735140848905
48	3.0148	0.025462241221070832	0.19623512029647827
49	3.0056	0.025298686764336255	0.0018759537488222122
50	3.0036	0.0251566427012827	5.7159370044246316e-05
