1	0.259	0.018586398252485606	0.29218849539756775
2	0.2602	0.01861431513647494	0.05058934539556503
3	0.2454	0.018257105794730992	0.11849458515644073
4	0.251	0.01839560273543653	0.538682222366333
5	0.2448	0.018242020940674307	0.9222553372383118
6	0.2672	0.01877358484680004	0.9969387650489807
7	0.2578	0.01855829970660028	0.9946012496948242
8	0.2534	0.01845370401843489	0.0749555453658104
9	0.258	0.018562995447933505	0.6455531716346741
10	0.253	0.018444072218466293	0.6398406028747559
11	0.2636	0.018692433549433847	0.8444623947143555
12	0.2612	0.018637441026063635	0.5025940537452698
13	0.2578	0.01855829970660028	0.9991850852966309
14	0.2582	0.018567686124016637	0.7069082856178284
15	0.259	0.018586398252485606	0.9136762619018555
16	0.259	0.018586398252485606	0.2682419717311859
17	0.2642	0.01870606981704067	0.17048074305057526
18	0.258	0.018562995447933505	0.9999101161956787
19	0.2512	0.018400473037397707	0.3697371184825897
20	0.2524	0.01842958577939287	0.1245063841342926
21	0.2626	0.018669607173157125	0.5381720662117004
22	0.2558	0.018511062854412223	0.44553789496421814
23	0.2514	0.018405338138703133	0.06476443260908127
24	0.2516	0.018410198043475795	0.0014662473695352674
25	0.2542	0.01847290578117043	0.5432929396629333
26	0.2416	0.01816075416936202	0.2543295919895172
27	0.2518	0.018415052755829945	0.6732418537139893
28	0.2568	0.018534744886293957	0.23315861821174622
29	0.2494	0.018356452598473377	0.11633038520812988
30	0.255	0.01849202530822408	0.06371613591909409
31	0.2636	0.018692433549433847	0.4192909598350525
32	0.2574	0.018548893012791896	0.4890229403972626
33	0.2518	0.018415052755829945	0.2086862027645111
34	0.2678	0.018786955261563806	0.9996774196624756
35	0.2518	0.018415052755829945	0.16235454380512238
36	0.2542	0.01847290578117043	0.06765885651111603
37	0.2616	0.01864665632224716	0.14262856543064117
38	0.2572	0.018544182052600756	0.07241300493478775
39	0.2608	0.01862820571069581	0.20480284094810486
40	0.2534	0.01845370401843489	0.05906190723180771
41	0.242	0.018170987865275788	0.9902949929237366
42	0.2536	0.01845851218273022	0.09437958151102066
43	0.2562	0.01852055096372675	0.21882669627666473
44	0.2498	0.018366271477902096	0.5138725638389587
45	0.2546	0.01848247580818111	0.1409538835287094
46	0.2522	0.018424746619696022	0.09615546464920044
47	0.2544	0.018477693362538516	0.1157883033156395
48	0.2512	0.018400473037397707	0.15150730311870575
49	0.2574	0.018548893012791896	0.1686471849679947
50	0.2652	0.01872869797930438	0.09054341167211533
