1	0.4912	0.021209917680179713	0.7432236075401306
2	0.492	0.02121048797175586	2.2212163457879797e-05
3	0.498	0.021213033729290114	0.09086897224187851
4	0.4884	0.02120749376989181	0.17435245215892792
5	0.5006	0.021213188162084454	0.00278268801048398
6	0.5048	0.021212225908659375	0.01088445819914341
7	0.5008	0.02121317628267865	0.4906091094017029
8	0.5072	0.021211003936636285	0.04324181750416756
9	0.4932	0.021211241547820815	0.0008676188299432397
10	0.489	0.02120806921904962	0.0015740832313895226
11	0.4988	0.021213142341482555	0.062650166451931
12	0.4942	0.02121177616325422	0.24438805878162384
13	0.489	0.02120806921904962	0.2591724097728729
14	0.4924	0.021210752744775466	0.07612153887748718
15	0.4934	0.021211355260803116	0.5259619951248169
16	0.5024	0.021212959058085224	0.03520115464925766
17	0.4994	0.02121318816208445	0.01301664113998413
18	0.488	0.02120709315299954	0.6005250811576843
19	0.5014	0.021213120279675972	0.002555540297180414
20	0.4992	0.02121317628267865	0.18387490510940552
21	0.504	0.021212524602224978	0.0006527815130539238
22	0.5092	0.021209612160527594	0.13239189982414246
23	0.5052	0.021212056194532394	0.34713223576545715
24	0.481	0.021197881969668573	0.07404611259698868
25	0.5056	0.021211872901750098	0.08077140897512436
26	0.487	0.021206032160684847	0.048775795847177505
27	0.5042	0.021212455020576945	5.469381721923128e-05
28	0.4996	0.02121319664737024	0.012946303002536297
29	0.4932	0.021211241547820815	0.14121828973293304
30	0.501	0.02121316100914713	4.885816451860592e-05
31	0.4978	0.021212998090793297	0.001584659214131534
32	0.5066	0.021211355260803116	0.3100835978984833
33	0.4904	0.021209293057525516	0.5379745960235596
34	0.5008	0.02121317628267865	0.2758316695690155
35	0.4782	0.02119303111874278	0.5737007856369019
36	0.4964	0.021212653582237184	0.00046321688569150865
37	0.4986	0.021213120279675972	0.11013342440128326
38	0.5028	0.02121287080995875	0.059403445571660995
39	0.4986	0.021213120279675972	0.20419830083847046
40	0.493	0.02121112443978395	0.014560031704604626
41	0.491	0.0212097666182351	0.0007592615438625216
42	0.4928	0.02121100393663629	0.0013298587873578072
43	0.5026	0.021212916631147168	0.011913814581930637
44	0.5004	0.021213196647370237	0.0006852207588963211
45	0.4932	0.021211241547820815	0.08508339524269104
46	0.4722	0.021180389231550967	0.4155915379524231
47	0.4832	0.021201225624949138	0.7581872344017029
48	0.4986	0.021213120279675972	0.14227160811424255
49	0.5002	0.021213201738540084	0.05511327087879181
50	0.4826	0.021200354525337542	0.04474321007728577
