1	0.8698833333333333	0.006733835620704344	0.05388975888490677
2	0.7188062387522495	0.014969641946265327	0.0724363774061203
3	0.5407515448927663	0.016327628750231776	0.06733730435371399
4	0.4593953645326089	0.014829789997730363	0.11915133893489838
5	0.4420223915819868	0.013540705813489155	0.06421145796775818
6	0.4268735711509325	0.012270737819816498	0.2351943701505661
7	0.4123218456048126	0.01104611576577834	0.528755247592926
8	0.4018395443020612	0.009946063967357916	0.17942048609256744
9	0.39600815708578607	0.009046676666199393	0.24474650621414185
10	0.39232842158743825	0.008261405027919732	0.05024779960513115
11	0.3894072188607931	0.007584623302845131	0.07784666121006012
12	0.38463906602792564	0.00698411337658926	0.3215652108192444
13	0.38276109380269946	0.0064684316078268455	0.052388645708560944
14	0.38217262335368274	0.006025439443373646	0.13053098320960999
15	0.38185093041554147	0.005637867361470218	0.07620422542095184
16	0.3791140788267983	0.005283884638601029	0.19509734213352203
17	0.3775166067520987	0.0049718830648932556	0.22865889966487885
18	0.3762958006443361	0.0046977112865709755	0.17124877870082855
19	0.37518724252189617	0.004451012154483539	0.17757219076156616
20	0.3747029375237836	0.00423100373436191	0.0069992318749427795
21	0.37372222655281045	0.004029718649121199	0.12186894565820694
22	0.3730545410456569	0.0038467370467028953	0.061619263142347336
23	0.37348222177488866	0.0036815878792587323	0.5813102126121521
24	0.3723304308999811	0.003524673344249794	0.5052886009216309
25	0.37201248583433966	0.003382412192975361	0.22531765699386597
26	0.3716329922268022	0.0032508984116124194	0.2864673137664795
27	0.3709667871644378	0.0031281195059065982	0.12370458245277405
28	0.37083548905505803	0.0030155781634988894	0.1657777577638626
29	0.3708284893840853	0.0029111057308295676	0.15429861843585968
30	0.37065004376192895	0.00281270154109408	0.040571119636297226
31	0.3703291322272054	0.002720998400267885	0.11779006570577621
32	0.3702393447279588	0.002635438583394084	0.21667182445526123
33	0.37018411682120606	0.00255516789923607	0.08867987990379333
34	0.36992766259988136	0.0024790133549412218	0.42403310537338257
35	0.3696416125352794	0.002407626320314814	0.0721549466252327
36	0.3694012394258327	0.002340049557938515	0.05612022802233696
37	0.3690831952241861	0.0022755121054926367	0.2006983906030655
38	0.36880146057763796	0.0022147145278379925	0.7907271981239319
39	0.36888012653917307	0.0021574440354757965	0.05445149168372154
40	0.36892976095770563	0.0021033524669406022	0.08515363931655884
41	0.36876948005871474	0.002051302803719489	0.05391300469636917
42	0.36866928739745114	0.002001836659551284	0.05583665892481804
43	0.3686095272349403	0.0019547517075161128	0.6654252409934998
44	0.3685537431520007	0.0019099911107426204	0.09155913442373276
45	0.3683810243544553	0.0018670041370989505	0.07198549807071686
46	0.3683871488381224	0.0018262885012713527	0.2185545563697815
47	0.36830999610793	0.0017870476456008247	0.054167378693819046
48	0.36831862591257347	0.0017497482897220619	0.7692741751670837
49	0.36810759111094543	0.0017134067624869033	0.07597877830266953
50	0.36793355245350934	0.0016785736657320429	0.1964777708053589
