1	3.3524	0.0554377635912561	0.6293582320213318
2	3.3832	0.05594429343552385	0.20679503679275513
3	3.3624	0.05487075024090704	0.00014359423948917538
4	3.3556	0.056348092709514117	0.07714036107063293
5	3.3922	0.05603465434889379	0.005597167182713747
6	3.3248	0.05350615785122305	0.06980820000171661
7	3.3692	0.054280792625016075	0.13283362984657288
8	3.325	0.05415602459560709	0.07412134110927582
9	3.3544	0.054431619046285934	0.010822123847901821
10	3.344	0.054775498172084214	0.27006176114082336
11	3.3206	0.054968246761198394	0.31045714020729065
12	3.3766	0.05607950063971685	0.0673416256904602
13	3.3792	0.05674057849546478	0.23993195593357086
14	3.3922	0.05598323399018677	0.05175411328673363
15	3.3674	0.055505954923773734	0.0016200511017814279
16	3.3592	0.0542490151800012	0.00022056090529076755
17	3.3492	0.05497223706563158	0.15034785866737366
18	3.3602	0.05522047381180281	0.017058739438652992
19	3.3568	0.05499571590587764	0.07059236615896225
20	3.3536	0.05546945710929571	0.275511771440506
21	3.397	0.056733973948596285	0.02452579326927662
22	3.362	0.054135762671269363	0.003436566097661853
23	3.34	0.054345560996276424	0.12926079332828522
24	3.4086	0.05750063366607362	0.07458124309778214
25	3.3424	0.05517329092957933	7.688521145610139e-05
26	3.362	0.05621708637060445	0.013271022588014603
27	3.3492	0.054755701511349446	0.5809816718101501
28	3.3734	0.05506242268553026	0.050189048051834106
29	3.3376	0.05453115835923532	0.10241008549928665
30	3.3448	0.055367890767122396	0.055126942694187164
31	3.3972	0.056855060355257704	0.0020175534300506115
32	3.3646	0.05501818164934209	0.013199481181800365
33	3.3368	0.054109318679872474	0.1437583863735199
34	3.3632	0.054466084566452896	0.3385249674320221
35	3.3778	0.056747871219984994	0.014217203482985497
36	3.3528	0.055368202860486646	0.8199889659881592
37	3.3352	0.05522022933672044	0.2913588881492615
38	3.3652	0.05628225411264191	0.07415895909070969
39	3.372	0.056686760359011525	0.7281838655471802
40	3.3646	0.05534437922680137	0.1214999407529831
41	3.3554	0.05653214582872297	0.236317440867424
42	3.349	0.055147785086982405	0.0008904184214770794
43	3.361	0.05566562853323402	0.23540830612182617
44	3.3654	0.0560652219472999	0.003110729157924652
45	3.3498	0.054475241422135966	0.01456359587609768
46	3.3702	0.05560857423095829	0.7739526033401489
47	3.3338	0.054734628965582656	0.0004948735586367548
48	3.3942	0.05641286597931361	0.08169171959161758
49	3.3622	0.05536623599270589	0.34332025051116943
50	3.3654	0.055034799100205645	0.0006609248812310398
