1	2.996	0.030095368414425526	0.262362539768219
2	3.0191961607678466	0.048838329335795655	0.18023188412189484
3	3.0343511450381677	0.06349018808573342	0.057954609394073486
4	3.0250653544517916	0.06962029783820983	0.26393628120422363
5	2.9940029985007497	0.07002449474660918	0.10922454297542572
6	2.9432283858070964	0.06738676223201716	0.14529909193515778
7	2.898128898128898	0.06356551086792853	0.1539296805858612
8	2.8555491068549688	0.05910809693382052	0.07467535138130188
9	2.8127104377104377	0.05470184595234785	0.05776643753051758
10	2.7762614629058193	0.05072987323526054	0.12064258009195328
11	2.751290439840058	0.04717677862029029	0.12041421234607697
12	2.716126849374058	0.04384007281998976	0.05060817673802376
13	2.6883878775123646	0.04085057758895078	0.053006503731012344
14	2.6594642491991003	0.03814460898512133	0.05410412326455116
15	2.6388327988280476	0.03576789399423722	0.09558242559432983
16	2.6123098322176825	0.03360060212767141	0.10723341256380081
17	2.588362864525655	0.0316783002300954	0.12552785873413086
18	2.5770026158291905	0.030051865885421136	0.05401246249675751
19	2.5572388920238476	0.02851445567119681	0.10288223624229431
20	2.540936157049901	0.02712543997958922	0.053812578320503235
21	2.5241951609678064	0.02587118568730732	0.0541270487010479
22	2.509084629298043	0.02472657849053638	0.06464606523513794
23	2.495129519921674	0.02369994654331494	0.052773620933294296
24	2.4826152079864356	0.022741063678153473	0.06342417001724243
25	2.472382257523213	0.02186567828820316	0.0710676833987236
26	2.4630672472181905	0.02104654564133282	0.08441115915775299
27	2.4548547688120053	0.020318962746659282	0.0512123741209507
28	2.4489134589285815	0.019636716205949086	0.0909561738371849
29	2.442271218587008	0.019005276307257648	0.08813925832509995
30	2.4377466603213973	0.01843906341062815	0.061590008437633514
31	2.430566665168741	0.01788440197664351	0.06511189788579941
32	2.4244709111652796	0.01737409199591794	0.07469669729471207
33	2.4209625659995573	0.016885743213817132	0.0682247132062912
34	2.417175588124877	0.016425364496040606	0.06822296977043152
35	2.4141363200179313	0.015984884533240033	0.0619836300611496
36	2.412530781562464	0.015586844203598172	0.05628344789147377
37	2.409953880188479	0.015210924368401813	0.051263224333524704
38	2.4067542902108348	0.014850417930085173	0.07840976119041443
39	2.406153060823811	0.01452312382541723	0.1361621618270874
40	2.4040565693576434	0.014196883786881373	0.12320250272750854
41	2.4028655326042934	0.013879888243625786	0.058932989835739136
42	2.402003657469985	0.013587201159072169	0.05573192611336708
43	2.403024277796401	0.013309491958323746	0.19102226197719574
44	2.4023257393060455	0.013048343759201672	0.08035673946142197
45	2.4020968781116383	0.012791386520909151	0.15274298191070557
46	2.4006499415052645	0.01254697474043064	0.08804399520158768
47	2.400791509264256	0.012314644327252785	0.258409708738327
48	2.4010965141408533	0.012098069706667956	0.1288203001022339
49	2.40100483614739	0.011887325354104483	0.07951311022043228
50	2.400054632922406	0.011683875172570241	0.06595999747514725
