1	3.8432	0.0811511230236526	0.053856220096349716
2	4.071385722855429	0.11249872272881087	0.10865115374326706
3	4.133769538349691	0.1301410849665569	0.10115713626146317
4	4.207904044287252	0.13580448756504718	0.06585938483476639
5	4.2422538730634685	0.13425579385214018	0.07063654065132141
6	4.260869565217392	0.12839926497566614	0.11940246820449829
7	4.28674236366544	0.12084287189685836	0.05958269536495209
8	4.311214290320501	0.11332425260560455	0.09156405925750732
9	4.297927188552189	0.10531083607134174	0.19129551947116852
10	4.235733843278717	0.09793368925446364	0.1909797191619873
11	4.208433296982915	0.09150270009822789	0.0649697482585907
12	4.1929808372550825	0.0861884485699318	0.14468564093112946
13	4.181889929495949	0.0816104802872395	0.07950209081172943
14	4.168859200690705	0.07751026112034873	0.07019776850938797
15	4.148632062398543	0.07368886889573785	0.07859720289707184
16	4.146466139268017	0.07074195556275654	0.10519207268953323
17	4.159283868586194	0.06832916442089296	0.07699315249919891
18	4.154060013421532	0.06581715916020825	0.10223521292209625
19	4.158050982605069	0.06371809939450046	0.17004437744617462
20	4.155945160684497	0.061504149908237785	0.2585562467575073
21	4.1726454709058185	0.05977438538729696	0.14326687157154083
22	4.182374274002236	0.0580199019071584	0.058024290949106216
23	4.1940973432236435	0.056419689725305255	0.0949627012014389
24	4.207180493145685	0.05526252689143657	0.0707535445690155
25	4.218879348920461	0.054002333670530055	0.09722820669412613
26	4.2352072246411865	0.05291233289427351	0.09442580491304398
27	4.246690066019603	0.05181836191251164	0.07369804382324219
28	4.264647393464689	0.05086252845228623	0.5602691769599915
29	4.283701321458759	0.050054331032978974	0.1482093185186386
30	4.305361271745766	0.04925434120785662	0.0835738480091095
31	4.314968768255966	0.04831497403680246	0.09167245775461197
32	4.324130324041914	0.047425346444306286	0.06073792651295662
33	4.335582060767018	0.04664936115589392	0.16850732266902924
34	4.351518215237536	0.04601853649619411	0.08823112398386002
35	4.365861858832924	0.04526873774653799	0.4391268491744995
36	4.383760556629811	0.04465561026930623	0.07618802040815353
37	4.405579372320614	0.04410964760653037	0.11939281970262527
38	4.418534065797531	0.04352935794218611	0.23577161133289337
39	4.436918364942867	0.04311593730420182	0.0770832747220993
40	4.457579638865737	0.04266190968594374	0.12532158195972443
41	4.486872215471851	0.042353229340449744	0.12088973820209503
42	4.50710652682506	0.04193526165499297	0.09917506575584412
43	4.523784158588609	0.04150807856868828	0.18773633241653442
44	4.542470260194549	0.04109891156506407	0.05923151969909668
45	4.562352001071031	0.04078423094885253	0.05543339625000954
46	4.5821496065354115	0.04044183404877497	0.06904212385416031
47	4.598450662716775	0.040088806162175	0.20349115133285522
48	4.618016412884683	0.03976418037589394	0.09540611505508423
49	4.636466519520321	0.03945723374380867	0.22601130604743958
50	4.6583014219735634	0.039192512846321595	0.05078653618693352
