1	2.9828	0.03696954811733569	0.17332594096660614
2	2.1777644471105777	0.04507078471513195	0.20037387311458588
3	1.8100690657942566	0.0831306124655135	0.07261607050895691
4	1.5319083499923112	0.07601257613134349	0.11823918670415878
5	1.575087456271864	0.058268439157908414	0.14392361044883728
6	1.0035982008995503	0.05656437053422542	0.07310128957033157
7	0.9642571565648489	0.05146244323710908	0.09649080783128738
8	0.9108789578899852	0.05011231711228174	0.10205455124378204
9	0.8937289562289562	0.04762946210112627	0.07781654596328735
10	0.9172497718284149	0.04641377075119051	0.05412333086133003
11	0.9458015267175572	0.045618655291430686	0.1374022662639618
12	0.9893266894281936	0.0448908900617135	0.1375071406364441
13	1.0157318741450068	0.04332163620355788	0.05032239854335785
14	1.040442596505578	0.04163635491629721	0.05609919875860214
15	1.073286613612068	0.040868620797157945	0.2098749279975891
16	1.1027384160653741	0.03972615742626569	0.05398702993988991
17	1.1290913006029286	0.03897506957675538	0.06719506531953812
18	1.146294698494871	0.03787386313365479	0.09435279667377472
19	1.160651635221669	0.0366957325440514	0.06992615014314651
20	1.6671306576519846	0.03432773933747329	0.11090640723705292
21	1.1921015796840633	0.0348736597838194	0.05145128071308136
22	1.1979076721716764	0.03381945277528122	0.055890344083309174
23	1.216840078989728	0.03312274545772628	0.13596391677856445
24	1.2252989971335813	0.0324409406127282	0.07765248417854309
25	1.2371210426222172	0.031617909660978716	0.056291766464710236
26	1.259454926624738	0.030986542646629305	0.08617788553237915
27	1.2737664601315617	0.030506874124775384	0.0679570809006691
28	1.28685459792718	0.029890397179280326	0.2043769806623459
29	1.3019924959284228	0.029407865510092696	0.14606702327728271
30	1.3188449687303212	0.028940009329677586	0.054637156426906586
31	1.3348357524828114	0.028590741634027042	0.08437386900186539
32	1.3483419006361275	0.02808973611762828	0.10394883900880814
33	1.3652423408896899	0.02772694067978335	0.34956133365631104
34	1.3755970457155813	0.027230619665720927	0.25729110836982727
35	1.3926817822045712	0.026916650249970052	0.10443342477083206
36	1.4049911580478291	0.026585120489043927	0.06395772099494934
37	1.4196465397642766	0.026236430121917825	0.055244360119104385
38	1.4313936048420735	0.02590645632554585	0.11973650008440018
39	1.4443537575237422	0.025573480979812546	0.551864743232727
40	1.4594862317895079	0.025295629247106287	0.18671615421772003
41	1.478422438234103	0.02506945068995009	0.057669490575790405
42	1.4932091046426739	0.024821923139063447	0.18328799307346344
43	1.5076410541348482	0.024590010567473904	0.07979298382997513
44	1.522185204898553	0.024322946897971987	0.05571933090686798
45	1.531902921070027	0.024043619681910565	0.0856437236070633
46	1.5422271995520402	0.023768661094292105	0.072455033659935
47	1.5566323347609587	0.02359034420341865	0.09423759579658508
48	1.566537805175356	0.02332308117620851	0.053916461765766144
49	1.583379609452981	0.023161189636641568	0.15596941113471985
50	1.5935023918765565	0.02290667089741756	0.08776252716779709
