1	3.9674	0.08639101244921257	0.034796424210071564
2	3.932	0.08625170607008303	0.21418261528015137
3	3.9622	0.08528838190515751	0.755672812461853
4	3.9948	0.08648301178844317	0.21786071360111237
5	3.9776	0.08756195995979077	0.059237606823444366
6	3.9476	0.08511179490528914	0.29123905301094055
7	3.9302	0.08396279133044587	0.05699367821216583
8	4.0168	0.0861090701842727	0.08462338894605637
9	3.9236	0.08652660557308368	0.2020486295223236
10	3.9816	0.08639230632411665	0.01061201374977827
11	4.03	0.08771396696079818	0.3002953827381134
12	3.926	0.08588727030241444	0.11659546941518784
13	3.9594	0.0860132138220634	0.06670162826776505
14	3.9574	0.08562133748079388	0.08018892258405685
15	3.9674	0.08649512721535241	0.38422372937202454
16	3.956	0.08630060949958582	0.10629739612340927
17	3.9722	0.0858338446534932	0.21011053025722504
18	3.9784	0.08673200212147761	0.32937437295913696
19	3.933	0.08499811644971905	0.16004526615142822
20	3.958	0.08601828177777092	0.09653384238481522
21	3.986	0.08641878962355347	0.06131475791335106
22	3.9684	0.08604721141327011	0.12179623544216156
23	3.9362	0.08705304824071357	0.0805552676320076
24	3.9486	0.08531356558015848	0.12808319926261902
25	3.962	0.08612619113835232	0.41343703866004944
26	3.9208	0.08730904447993922	0.05265675112605095
27	3.9056	0.0857001724152291	0.004201787523925304
28	3.9352	0.0858587312275228	0.026571068912744522
29	3.952	0.08562250171537852	0.4174712598323822
30	3.9356	0.08446001865971856	0.10460256785154343
31	3.9542	0.08409960908351476	0.05324376001954079
32	3.9806	0.08572469044563534	0.12500886619091034
33	3.9772	0.08608567992413138	0.13642483949661255
34	3.9666	0.0854140034888893	0.827035665512085
35	3.9066	0.08397724448920672	0.008599878288805485
36	3.952	0.08522636211877169	0.08464203029870987
37	3.952	0.08586182387999919	0.06367301940917969
38	3.9604	0.08582760227339456	0.08656486123800278
39	3.9738	0.08603583211662451	0.2796545922756195
40	3.916	0.08622215028633883	0.0007618368254043162
41	3.908	0.08397788280255702	0.1151437982916832
42	4.0192	0.08675791864723359	0.1287568211555481
43	3.9306	0.08633105207282024	0.5769000053405762
44	3.9518	0.08573784559924516	0.5065314769744873
45	3.9472	0.08506480992748999	0.015306499786674976
46	3.9848	0.08663477435764466	0.2676106095314026
47	3.9592	0.08485212812888078	0.17434528470039368
48	3.9916	0.08712538661033303	0.000773816485889256
49	3.998	0.08721692954925664	0.07689916342496872
50	3.9018	0.085929518606821	0.6350460052490234
