1	3.9838	0.08604863513153478	0.05386674404144287
2	4.168566286742651	0.12320913399500785	0.05386040732264519
3	4.31697564521992	0.14772641173906306	0.11216206103563309
4	4.449484853144702	0.15677275232928647	0.10024724900722504
5	4.448650674662669	0.15309701821982064	0.11123602837324142
6	4.4251874062968515	0.14707371167306116	0.2301444262266159
7	4.383655845194307	0.13721732849584178	0.2571887671947479
8	4.361707615915393	0.12912797345971214	0.36816778779029846
9	4.333438552188552	0.12108224058341319	0.20393946766853333
10	4.344821591551132	0.11525542518138043	0.11437809467315674
11	4.337840785169029	0.10918596411117955	0.85694819688797
12	4.366060717910861	0.10484987711517335	0.05175916850566864
13	4.385851836262233	0.100489805944158	0.18077155947685242
14	4.4232385885988235	0.09709443820589875	0.1566319614648819
15	4.451241240052263	0.09383943947017995	0.0636821836233139
16	4.49809614883074	0.09140242789611856	0.0821719542145729
17	4.533868586194168	0.08892567815386077	0.06352844834327698
18	4.572455729487654	0.08685285995958879	0.05966421589255333
19	4.609742633528791	0.08466338292015926	0.08367355167865753
20	4.6618168561296525	0.08292031761229185	0.10329223424196243
21	4.715216956608678	0.08167673422342447	0.05644650012254715
22	4.749229692513247	0.07999549766819042	0.43144237995147705
23	4.791382486185094	0.07860892092418822	0.22245009243488312
24	4.821460885168373	0.07711022846600596	0.18107804656028748
25	4.869588320841258	0.07596755168200961	0.09875898063182831
26	4.907776165134655	0.07473202462776628	0.13902492821216583
27	4.949178038035887	0.07382342124697025	0.12193568795919418
28	4.993275244146305	0.07296156238879925	0.09624382853507996
29	5.043813264064981	0.07219426678095292	0.18494448065757751
30	5.090573910368266	0.07144261070350166	0.10823556035757065
31	5.138556599110232	0.07080692035112951	0.105230912566185
32	5.178069388837668	0.06996940319338439	0.06467977166175842
33	5.22056893989693	0.06937955123174075	0.05311119183897972
34	5.265677444774433	0.06877094322274452	0.06444250792264938
35	5.299064209516205	0.06801806477089399	0.06061777472496033
36	5.3464392549622355	0.06763944121796765	0.11647683382034302
37	5.383734954817583	0.06701690052412719	0.06601433455944061
38	5.422610542632907	0.06642979847875077	0.19786638021469116
39	5.457443526356237	0.0659231084533021	0.2223779857158661
40	5.49784709444292	0.06544286500935409	0.08998522162437439
41	5.5429931146213045	0.06512795473095594	0.1024351418018341
42	5.588537036100048	0.0648456149191417	0.23008768260478973
43	5.634641435269159	0.06452862578994797	0.057846952229738235
44	5.679767294646944	0.06419752999236993	0.09421766549348831
45	5.730426487938349	0.06400540531388563	0.07365106791257858
46	5.777754002139807	0.06379374292530623	0.15882956981658936
47	5.825140753158574	0.06355297876049842	0.08102048933506012
48	5.872355635719745	0.06337789426812739	0.48297297954559326
49	5.917903234876495	0.06316105356179551	0.05624009668827057
50	5.972177678404314	0.06307081026857952	0.07681586593389511
