1	0.9157055555555554	0.006061467877777936	0.11757132411003113
2	0.9113888888888889	0.00618064856359483	0.27347129583358765
3	0.9139055555555555	0.0061168618996999165	0.7588611841201782
4	0.9121333333333332	0.006164387614894693	0.19019728899002075
5	0.9135833333333332	0.006106994964792473	0.17205050587654114
6	0.91435	0.006072438239016247	0.7828496694564819
7	0.9118444444444446	0.006162731068464863	0.25967055559158325
8	0.913411111111111	0.0061313701749464355	0.005127904936671257
9	0.9144388888888889	0.00610880147819521	0.6735890507698059
10	0.9133277777777777	0.0061077991990205124	0.16439706087112427
11	0.9130055555555555	0.00612594989913132	0.0003495064447633922
12	0.911	0.006171347772839674	0.1409628838300705
13	0.91475	0.006095426222450209	0.07215150445699692
14	0.9137111111111114	0.006111087264599868	0.3622246980667114
15	0.9138388888888889	0.006096610711425373	0.17735561728477478
16	0.9109666666666666	0.006166564521676572	0.7812654972076416
17	0.9136444444444445	0.006133079994767893	0.003831830807030201
18	0.91455	0.0060870985562362576	0.0009746343712322414
19	0.9137166666666667	0.006116657761119755	0.5858110785484314
20	0.9129055555555555	0.006107721301762227	0.08446092158555984
21	0.9132666666666666	0.006117122853106715	0.9903278946876526
22	0.9130111111111111	0.006144812789843345	0.0006950848037377
23	0.9147888888888889	0.006041871288488913	0.12489683926105499
24	0.911361111111111	0.006164652711674552	0.007125626318156719
25	0.9119222222222223	0.006154946899310607	0.10714885592460632
26	0.9114166666666667	0.006185565522515583	0.00120166118722409
27	0.9121222222222223	0.006163877188912814	0.2245296835899353
28	0.9125944444444445	0.0061532182681549395	0.04713444039225578
29	0.9161277777777778	0.0060861664224881665	0.7559548020362854
30	0.9143166666666668	0.006119032562423575	0.06870779395103455
31	0.9110888888888891	0.006178960646149619	0.9863990545272827
32	0.9134944444444445	0.006118183095404151	0.0004216012603137642
33	0.9129388888888889	0.0061337624804573936	0.07965007424354553
34	0.911211111111111	0.006166241769145608	0.9018710851669312
35	0.9142277777777778	0.0061315770991012255	0.09362547099590302
36	0.91205	0.006150945902867305	0.0005902606644667685
37	0.9126333333333332	0.006157574035283768	0.0004893199075013399
38	0.9124111111111112	0.006177932250266949	0.19274568557739258
39	0.9127	0.006120458425096431	0.04458349943161011
40	0.9141111111111111	0.006089008311886439	0.0009578291792422533
41	0.9150666666666666	0.0061026271938130795	0.8442305326461792
42	0.9150444444444445	0.006066001501996324	0.07585189491510391
43	0.9147	0.006095465910549169	0.0025843260809779167
44	0.9146833333333332	0.006095114395973279	5.65664486202877e-05
45	0.9132555555555555	0.006147325543139367	0.16879241168498993
46	0.9126722222222222	0.006165982119662695	0.8417114615440369
47	0.9110222222222223	0.006169403644869828	0.05954029783606529
48	0.9128111111111109	0.006104317069819495	0.27048107981681824
49	0.9130111111111113	0.006143727768129715	0.28030285239219666
50	0.9127055555555554	0.00613091723697745	0.737489640712738
