1	0.4806	0.021197229819011728	0.0016348437638953328
2	0.4714	0.021178471899549314	0.017771584913134575
3	0.4922	0.021210622055941687	0.2738078236579895
4	0.484	0.02120233949355589	0.09899555891752243
5	0.4774	0.021191522644680348	0.21082130074501038
6	0.49	0.021208960370560366	0.11159011721611023
7	0.4904	0.021209293057525516	0.34942716360092163
8	0.491	0.0212097666182351	0.16215936839580536
9	0.4698	0.021174473499948	0.09273812174797058
10	0.4814	0.021198520514413264	0.4768899381160736
11	0.487	0.021206032160684847	0.1254071593284607
12	0.4726	0.021181327437155586	0.061727721244096756
13	0.4796	0.02119553990819767	0.9418195486068726
14	0.4856	0.021204404070852827	0.934045672416687
15	0.4824	0.02120005735841297	0.051935020834207535
16	0.4788	0.0211941267336024	0.07891363650560379
17	0.4858	0.0212046468492168	0.0608261339366436
18	0.478	0.02119265910639814	0.2996175289154053
19	0.4828	0.021200648291974468	0.08293818682432175
20	0.4738	0.02118406023405334	0.15116555988788605
21	0.4824	0.02120005735841297	0.39653751254081726
22	0.4786	0.021193764932168138	0.06334521621465683
23	0.467	0.021166950654262887	0.5819456577301025
24	0.4898	0.021208788932892894	0.14895321428775787
25	0.479	0.021194485131750665	0.3603619337081909
26	0.4662	0.02116467831080832	0.07754333317279816
27	0.47	0.021174985242025553	0.6268061399459839
28	0.481	0.021197881969668573	0.44304490089416504
29	0.476	0.02118875173293604	0.72263503074646
30	0.486	0.02120488622935761	0.06742863357067108
31	0.493	0.02121112443978395	0.10306520760059357
32	0.4878	0.021206887749030973	0.11708276718854904
33	0.476	0.02118875173293604	0.25458064675331116
34	0.484	0.02120233949355589	0.49147552251815796
35	0.4798	0.021195884694911887	0.5741075277328491
36	0.4764	0.021189560448485006	0.03458276018500328
37	0.4806	0.021197229819011728	0.05583220347762108
38	0.4858	0.0212046468492168	0.6311310529708862
39	0.4854	0.021204157894148968	0.9059514403343201
40	0.4722	0.021180389231550967	0.22882600128650665
41	0.4822	0.021199756791057768	0.08641406893730164
42	0.4878	0.021206887749030973	0.25273993611335754
43	0.4734	0.02118316293663437	0.23909415304660797
44	0.4848	0.021203398972806223	0.32441848516464233
45	0.4848	0.021203398972806223	0.06797299534082413
46	0.4902	0.021209128412077664	0.17742997407913208
47	0.488	0.02120709315299954	0.060211215168237686
48	0.4736	0.021183613289521692	0.05589823052287102
49	0.4798	0.021195884694911887	0.12391287833452225
50	0.4644	0.021159365585952713	0.11840703338384628
