1	3.0056	0.041533884383717384	0.053050462156534195
2	3.261347730453909	0.08533368408511088	0.13864314556121826
3	3.2057433660487096	0.09876380593163447	0.07687096297740936
4	3.128709826234046	0.09571284338681882	0.09474676847457886
5	3.0407296351824087	0.0880887123282101	0.10173600167036057
6	2.9784107946026985	0.0810867658652304	0.2546095550060272
7	2.9468255237486005	0.07455351116654547	0.18256066739559174
8	2.9209389308054425	0.06806118929486522	0.05486314371228218
9	2.896990740740741	0.06290091874133229	0.1958501636981964
10	2.8929983919335913	0.05862697771948655	0.1560572236776352
11	2.882878953107961	0.05474445032772164	0.05599049851298332
12	2.888130171326628	0.051561665870278106	0.07138253003358841
13	2.8883773545196254	0.04849765881241088	0.21155677735805511
14	2.8966441733124304	0.04605525017054691	0.09437642991542816
15	2.903571287167914	0.043780288672473355	0.07949697226285934
16	2.915761105798487	0.041845078850859266	0.055234674364328384
17	2.925449120216562	0.040182124081078366	0.27017122507095337
18	2.9299341249298108	0.03847447358369608	0.06978859007358551
19	2.9388723962805763	0.03702813866438042	0.11550026386976242
20	2.9542085087108783	0.0357808404600431	0.055672720074653625
21	2.965756848630274	0.03459625322654098	0.06244906783103943
22	2.9753138037283793	0.03355160733465596	0.051881540566682816
23	2.985927880386983	0.032591487386168475	0.27590250968933105
24	2.9903134812922456	0.0316158029698075	0.14552618563175201
25	3.003663720774136	0.03083170334455399	0.11779681593179703
26	3.011694887921303	0.03004704096792469	0.1510954648256302
27	3.0190597280422145	0.029327425451182554	0.10849785804748535
28	3.031685011106372	0.028698700768093742	0.08750250935554504
29	3.0441585750510236	0.02810070987602369	0.052112821489572525
30	3.055141350484788	0.027506839053174588	0.12583084404468536
31	3.0664988990248507	0.02697374940096614	0.16930025815963745
32	3.076305829554879	0.026419103420454865	0.1309516280889511
33	3.0882497075468716	0.02599620433356322	0.07392577081918716
34	3.097750090137641	0.025535071441288398	0.07691220194101334
35	3.104943719486996	0.025079746199262728	0.06781797111034393
36	3.116019634091923	0.024713851818131988	0.16739992797374725
37	3.124870327088203	0.024332582703835162	0.06479595601558685
38	3.132881903460272	0.023938281922217655	0.21484972536563873
39	3.142885190358391	0.02365642940364908	0.37322530150413513
40	3.1520960539384726	0.023331519867570163	0.1057380884885788
41	3.160550830295666	0.023000913915965718	0.07470071315765381
42	3.173081695543332	0.022773750110184315	0.09588637202978134
43	3.185472353986527	0.02251124825496736	0.0853644609451294
44	3.19520176631774	0.022261537591629982	0.0695439949631691
45	3.2071545715457153	0.02203632991908243	0.1017434224486351
46	3.217212450879421	0.021830668546137945	0.054061491042375565
47	3.2302113115400366	0.02164278369304181	0.08990243822336197
48	3.2427911802282847	0.021471629694325388	0.4106151759624481
49	3.253463679689587	0.021284177513872668	0.09819028526544571
50	3.2666845404005405	0.021127236723981476	0.14279000461101532
