1	9.2176	0.054804839494336954	0.017407570034265518
2	9.2178	0.055770365679274535	0.34590673446655273
3	9.1928	0.055154788441258616	0.18042808771133423
4	9.1832	0.0555775851220619	0.0005996680120006204
5	9.1914	0.05478703196925341	0.04416503757238388
6	9.2238	0.05527354166325871	0.07924660295248032
7	9.2104	0.05423501924033945	0.6467376947402954
8	9.1692	0.05511141849018224	0.05964438244700432
9	9.1788	0.05515482760375531	0.6025062799453735
10	9.2036	0.05576042209309392	0.30011457204818726
11	9.1958	0.05458124447097169	0.0906556248664856
12	9.2076	0.05411491506045296	0.36379876732826233
13	9.2056	0.05407542465852662	0.15606941282749176
14	9.2	0.054636251701594855	0.28079283237457275
15	9.1922	0.054591084327021734	0.00011863021791214123
16	9.1814	0.055442305796205724	0.7979738712310791
17	9.1734	0.05491446432407366	5.401455837272806e-06
18	9.1494	0.054870970029698055	4.3024297724514327e-07
19	9.2128	0.05479278317442916	0.06096009537577629
20	9.204	0.053799360590995673	0.03828473016619682
21	9.1634	0.05551703154888608	0.056112196296453476
22	9.1958	0.05462739466604638	0.04543233662843704
23	9.168	0.05499378874018439	0.0008725150255486369
24	9.1774	0.05440397625174085	0.0017538367537781596
25	9.2076	0.05564336467180998	0.0019878249149769545
26	9.2012	0.05533546248112526	0.12998360395431519
27	9.2036	0.05464526211850394	0.08817674964666367
28	9.175	0.054741163670495585	0.15448790788650513
29	9.205	0.05434183471322989	0.08876387029886246
30	9.209	0.054789544623039255	0.24461153149604797
31	9.2232	0.05494148858558513	0.0016406606882810593
32	9.1954	0.0549912166804848	0.004593875724822283
33	9.1974	0.054893167443681	0.010384544730186462
34	9.1998	0.05521760523601152	0.01750955358147621
35	9.1764	0.05492676462345149	0.0021866897586733103
36	9.1786	0.05437705096821641	0.053489867597818375
37	9.2126	0.055216322152059336	0.09460023790597916
38	9.2288	0.05465684776860082	3.7208377761999145e-05
39	9.2086	0.05473970105873763	0.15855807065963745
40	9.2246	0.055039247015198065	4.00451899622567e-05
41	9.1752	0.054670914826807096	3.836346877506003e-06
42	9.1918	0.05434908433451287	0.3121003806591034
43	9.213	0.05482094307835321	0.04700396955013275
44	9.1872	0.05505234861474986	4.6705441491212696e-05
45	9.2184	0.054989295249166126	0.0013845086796209216
46	9.1896	0.05432654334669171	0.068006232380867
47	9.197	0.054692081693788544	0.2957215905189514
48	9.2242	0.05636702802170794	0.006963569205254316
49	9.1986	0.05435149006237053	3.9709280827082694e-05
50	9.2212	0.05459456940026196	0.08479011058807373
