1	20.8888	0.25943624345106486	0.4108622968196869
2	21.1928	0.26845979471049347	0.07735957950353622
3	21.034909090909093	0.24841762717974272	0.10241740942001343
4	21.03446153846154	0.23059219111967116	0.0579688586294651
5	21.09125	0.2079052133410203	0.056027088314294815
6	20.959	0.18598122001965678	0.1422993391752243
7	21.10672	0.16830542597285458	0.4913054406642914
8	20.99174193548387	0.148610616693577	0.5730007290840149
9	21.046315789473685	0.13498573186008422	0.7987688779830933
10	21.041478260869564	0.12178815577532084	0.05711277574300766
11	21.03389090909091	0.11203253037677738	0.15155129134655
12	21.028492307692307	0.10324701965509478	0.09449364244937897
13	21.047421052631577	0.09492379889923941	0.10328709334135056
14	21.051863636363635	0.08776054965095417	0.07176550477743149
15	21.105623762376236	0.08241480164374686	0.10744411498308182
16	21.04486956521739	0.07738051758220801	0.10454890131950378
17	21.035107692307694	0.072924417249011	0.5876932740211487
18	21.07676712328767	0.06876966696537082	0.06823074072599411
19	21.026233128834356	0.06496710221061353	0.545326292514801
20	21.04011049723757	0.0617786796056808	0.8843953013420105
21	21.07746	0.0588581038660948	0.05357993021607399
22	21.05830909090909	0.055837923736261494	0.05465904623270035
23	21.04818257261411	0.05357910326667653	0.8662771582603455
24	21.06106463878327	0.051334303058569467	0.09236182272434235
25	21.068783216783217	0.04891069169009721	0.9535494446754456
26	21.049212903225808	0.047227873598128974	0.8421956896781921
27	21.062602985074626	0.04542635834020271	0.08101934939622879
28	21.0565540166205	0.043896764462111534	0.7161521315574646
29	21.04480412371134	0.042075603589491556	0.7683848738670349
30	21.02585576923077	0.04060951942705347	0.08727028965950012
31	21.038103370786516	0.03935326819561683	0.08138714730739594
32	21.034122105263158	0.03806697478306916	0.513991117477417
33	21.060418972332016	0.036928740977855055	0.35241904854774475
34	21.050832713754648	0.035773971939732876	0.40642884373664856
35	21.02753064798599	0.03475663801525983	0.06046406924724579
36	21.04172561983471	0.033807469782755936	0.5934228301048279
37	21.04469375	0.0328328690080914	0.12270625680685043
38	21.050668639053253	0.03193979585335331	0.8870348334312439
39	21.054143057503506	0.031047512047263866	0.09015997499227524
40	21.036713715046606	0.030270868949805893	0.5316128134727478
41	21.045544303797467	0.029495524453467464	0.49907374382019043
42	21.04332530120482	0.028817408389217973	0.18017329275608063
43	21.04851435132032	0.028139101743962044	0.5184470415115356
44	21.04450821467689	0.027411170563376473	0.2481716424226761
45	21.044962343096234	0.02688810410829747	0.7233138680458069
46	21.04298	0.026240779445466177	0.05198395252227783
47	21.06177990430622	0.02570079110309862	0.09269608557224274
48	21.05174335472044	0.02515373924707896	0.08052606880664825
49	21.05451318101933	0.024650773588349814	0.15190745890140533
50	21.04472849915683	0.024123128576427795	0.10075899213552475
