1	20.8888	0.21504819091543198	0.36470818519592285
2	21.0024	0.21456854211183812	0.5191965699195862
3	20.965818181818182	0.20449464651622073	0.976183295249939
4	20.947076923076924	0.1835760681253077	0.05271008238196373
5	20.94875	0.17192593677038676	0.22278012335300446
6	21.021	0.1519088088295079	0.8818120360374451
7	20.89696	0.13469251787718603	0.4284539520740509
8	21.000129032258066	0.12248967754261816	0.05882333219051361
9	20.92978947368421	0.1110134391410463	0.9675650596618652
10	20.98017391304348	0.10014995625632657	0.07251520454883575
11	20.90050909090909	0.09144600915671347	0.08008147776126862
12	20.94246153846154	0.08424556529200812	0.0982915610074997
13	20.938315789473684	0.07817204116079352	0.0984966978430748
14	20.947772727272728	0.07227774307598778	0.08558739721775055
15	20.914297029702972	0.06791120619305918	0.07686274498701096
16	20.9576	0.06322542456799649	0.12660080194473267
17	20.95876923076923	0.05948876285453129	0.14996527135372162
18	20.944328767123288	0.05610351452358084	0.35770976543426514
19	20.927092024539878	0.05325678927809978	0.2901763916015625
20	20.948375690607733	0.05073523301294611	0.06551266461610794
21	20.97014	0.048231731344333784	0.988326907157898
22	20.923236363636363	0.04590439628686239	0.9036890268325806
23	20.919834024896264	0.043724839892351715	0.10764485597610474
24	20.943969581749048	0.04167259930267045	0.9291303753852844
25	20.90841958041958	0.0399473686279704	0.011367774568498135
26	20.91621935483871	0.03847650441446703	0.4942825734615326
27	20.93157014925373	0.037192627762516015	0.4373580515384674
28	20.943135734072023	0.03588670369118742	0.050642482936382294
29	20.927061855670104	0.034527613461774194	0.08841793239116669
30	20.94051923076923	0.03335590985464666	0.08547233045101166
31	20.9321797752809	0.03234288668021882	0.6156905293464661
32	20.95046736842105	0.031186881357696303	0.8604547381401062
33	20.939090909090908	0.03025666606401395	0.20990952849388123
34	20.9335092936803	0.029380421236437936	0.05074086785316467
35	20.95367425569177	0.028477021450196684	0.05460374802350998
36	20.93958347107438	0.0276518199680959	0.1296049803495407
37	20.94064375	0.026877412423152072	0.21719278395175934
38	20.936958579881658	0.026073221206039138	0.1285904049873352
39	20.933138849929875	0.025459686415267753	0.7415637373924255
40	20.928766977363516	0.024820161939036526	0.3219468891620636
41	20.925027848101266	0.024182053720157214	0.07013463973999023
42	20.923787951807228	0.023533862487062567	0.24428968131542206
43	20.942585533869117	0.023064957211700245	0.14217090606689453
44	20.94847316538883	0.022450027013854155	0.8521336317062378
45	20.942129707112972	0.021956743533048544	0.23869046568870544
46	20.94588	0.021512635843187636	0.23521217703819275
47	20.931866028708136	0.02100579703514133	0.6519367098808289
48	20.950302474793766	0.0205620012750881	0.057911865413188934
49	20.929595782073815	0.020175750669501884	0.10191280394792557
50	20.93380775716695	0.01978645733658841	0.8653291463851929
