1	0.5704786111111111	0.0021302191942184634	0.05217503756284714
2	0.570776611111111	0.002135475789502242	0.12584801018238068
3	0.5722853333333332	0.0021041543161406805	0.9004682898521423
4	0.5725759444444444	0.002131596423537756	0.21265138685703278
5	0.5718278888888888	0.0020770980670102835	0.19312143325805664
6	0.5702665555555555	0.0020902633661761386	0.27310416102409363
7	0.5719398888888889	0.0020765683808683295	0.14337308704853058
8	0.5715713888888888	0.002073706723846905	0.14029760658740997
9	0.5721353333333332	0.002096459984386435	0.06049830839037895
10	0.5711016666666666	0.0020957175926954942	0.004484774544835091
11	0.5715100555555555	0.0021507759558910588	0.20204167068004608
12	0.5719250555555555	0.0021199743489001433	0.46450427174568176
13	0.5713825	0.002100193988097022	0.0009712987230159342
14	0.5713328888888888	0.002140406197088196	0.1868150234222412
15	0.5714622777777777	0.0021278542268875957	0.04499533027410507
16	0.570991	0.0021001165652251848	0.057326409965753555
17	0.5721175	0.0020624721166802324	0.00440954277291894
18	0.5706852222222222	0.002090316924992786	0.07102715969085693
19	0.5705612777777778	0.0020876812421533365	0.07698339223861694
20	0.5721037222222222	0.002073784068517978	0.17744161188602448
21	0.5706843888888888	0.0020971554110257246	0.1588505059480667
22	0.5712157777777777	0.002078820419458059	0.1334911435842514
23	0.5724648888888889	0.002074603229235783	0.37171196937561035
24	0.5720226666666667	0.002116125281861471	0.10101304948329926
25	0.5722853888888889	0.0020552468522067055	0.21033044159412384
26	0.5714313333333334	0.002093635389969617	0.06789788603782654
27	0.5710349444444444	0.0021018984743414763	0.11940467357635498
28	0.571996	0.002061562795572573	0.09158319234848022
29	0.5731434444444445	0.002102508075391993	0.06331736594438553
30	0.5705403888888889	0.002104690093934375	0.19718942046165466
31	0.5720217777777777	0.0020367224383198426	0.02235298417508602
32	0.5723126666666666	0.0020535386932155853	0.9997402429580688
33	0.5713992222222222	0.002096296384107543	0.9237686991691589
34	0.5708759444444444	0.0021014978741509807	0.07079552859067917
35	0.5708742222222222	0.002085077414368885	0.5674068331718445
36	0.5719270555555555	0.0021030827201872666	0.06947480142116547
37	0.5716135555555556	0.0020583032063436046	0.20814578235149384
38	0.5710211666666666	0.0021304895157882044	0.07545211911201477
39	0.5698305	0.002099505982102269	0.041478000581264496
40	0.5708893333333332	0.002109718101147928	0.05342540144920349
41	0.5723036666666665	0.0020931616315517172	0.45703741908073425
42	0.5714141111111111	0.0021054838502824187	0.070278599858284
43	0.572149	0.002065784815721774	0.14050555229187012
44	0.5718512777777777	0.002083067666622455	0.0869186595082283
45	0.5715417222222222	0.0020884595426068782	0.9677954316139221
46	0.5706269444444444	0.0020800738285174764	0.3136895000934601
47	0.5705097222222222	0.0020653475015317336	0.12890402972698212
48	0.5712341111111111	0.0020974496262048084	0.2007707953453064
49	0.5722869444444445	0.0021049117529337775	0.32340919971466064
50	0.5716511111111111	0.0020975659459901964	0.05420111119747162
