1	20.4878	0.10129388968738434	0.8122066855430603
2	20.448	0.10126762957628657	0.0042004152201116085
3	20.4422	0.100998546959845	0.07135752588510513
4	20.4	0.10099267300155995	0.13163144886493683
5	20.4104	0.0996828436191509	0.2110782265663147
6	20.4622	0.09983620629811629	0.08571567386388779
7	20.428	0.09798586020441893	0.05113428831100464
8	20.4798	0.10163574926176283	0.3376549184322357
9	20.431	0.09879468710411504	0.18571139872074127
10	20.493	0.10008272478305189	0.07511194795370102
11	20.3902	0.09940049863053987	0.4345735013484955
12	20.4748	0.10075860721546367	0.022681789472699165
13	20.4236	0.10049743017609954	0.005036531016230583
14	20.4576	0.10203001534842615	0.11946770548820496
15	20.467	0.1013601489738449	0.6474069356918335
16	20.4728	0.10237044636026582	0.5295928120613098
17	20.4438	0.09977732612172016	0.00508340448141098
18	20.471	0.09991719671808248	0.2171095758676529
19	20.4714	0.09933200728868849	0.019698111340403557
20	20.4052	0.09872336768972176	0.21999044716358185
21	20.433	0.09982664874671453	0.30582907795906067
22	20.499	0.10021256508043355	0.07930704206228256
23	20.4148	0.09751745345321494	0.015723351389169693
24	20.3954	0.0990950347494773	0.06390067934989929
25	20.4272	0.09984097499523975	0.16745546460151672
26	20.458	0.09904031906249133	0.002060116734355688
27	20.4586	0.10099165743763183	0.009615669958293438
28	20.3904	0.09838891254607963	0.10764487832784653
29	20.3918	0.09989137584396407	0.11637525260448456
30	20.5248	0.10066227162149716	0.1714571863412857
31	20.4192	0.09905881307586896	0.18421579897403717
32	20.3558	0.0966131018444192	0.015613802708685398
33	20.3756	0.09964087691304234	0.2423725426197052
34	20.4774	0.0997182061210492	0.1964561939239502
35	20.4388	0.09889862591563127	0.4578022062778473
36	20.4142	0.0994574735653383	0.010109973140060902
37	20.413	0.0966207834785045	0.4157496988773346
38	20.4576	0.09954036383296976	0.09384725987911224
39	20.4998	0.10111379692208158	0.7009738683700562
40	20.4742	0.1004075786382681	0.06836076080799103
41	20.4236	0.09901784421002119	0.22908571362495422
42	20.4622	0.1010476525605619	0.08814636617898941
43	20.3966	0.09782492111931454	0.06487298011779785
44	20.4172	0.09915391816766472	0.08993430435657501
45	20.3956	0.09922611124094244	0.1201855018734932
46	20.4794	0.09850216318436923	0.25281816720962524
47	20.4896	0.09902628596488924	0.11522992700338364
48	20.5038	0.10136968978940472	0.014876889996230602
49	20.414	0.09818944546131159	0.07728637009859085
50	20.4314	0.10072938633785092	0.2487628012895584
