1	10.4232	0.08220003854013716	0.1475890576839447
2	10.3692	0.0843611812150594	0.1504862755537033
3	10.335272727272727	0.08042359499927275	0.378229022026062
4	10.409846153846154	0.07196499103353009	0.17645245790481567
5	10.4075	0.06475143579489162	0.09344863146543503
6	10.3652	0.059345868668341455	0.09852299839258194
7	10.41536	0.05183050010733068	0.06130902096629143
8	10.403354838709678	0.04690921822974626	0.20798726379871368
9	10.382	0.04261253609780788	0.4802267253398895
10	10.393652173913043	0.03865532138388187	0.07781002670526505
11	10.39570909090909	0.03531173262487566	0.8690158128738403
12	10.399261538461538	0.03282189024170756	0.08255182206630707
13	10.403368421052631	0.02991869220840282	0.11434175074100494
14	10.394409090909091	0.028010933921234056	0.05401519685983658
15	10.395326732673267	0.026131551310792842	0.3395404815673828
16	10.408591304347826	0.02444931646438342	0.07623767852783203
17	10.405292307692308	0.02312109429051127	0.09276757389307022
18	10.410136986301369	0.0216777996707011	0.2593582272529602
19	10.397276073619631	0.02069582564238363	0.215021014213562
20	10.397458563535912	0.019554606809431142	0.05325770378112793
21	10.39176	0.018583948408021404	0.05389454960823059
22	10.392945454545455	0.01768431125707514	0.11532182991504669
23	10.400033195020747	0.01694266509208367	0.053908929228782654
24	10.401673003802282	0.016204710062046646	0.05378441885113716
25	10.398517482517482	0.015556457862480041	0.05392604321241379
26	10.400425806451613	0.014971119049136908	0.053839292377233505
27	10.403092537313432	0.014353991952405956	0.05353506654500961
28	10.40373407202216	0.01380650890899021	0.05356284976005554
29	10.400103092783505	0.013344420018052493	0.05386880412697792
30	10.401278846153847	0.012903308301660248	0.05400865897536278
31	10.405995505617977	0.012455782617298714	0.05405294895172119
32	10.400378947368422	0.012105903423693882	0.05366356670856476
33	10.397201581027668	0.011735901085571276	0.05596359074115753
34	10.396847583643122	0.0113221990041334	0.052788469940423965
35	10.400343257443083	0.011001300342131514	0.05347822234034538
36	10.402519008264463	0.010686975284931798	0.05350254476070404
37	10.39516875	0.01036584496110031	0.053979698568582535
38	10.400668639053254	0.010070089306694287	0.052504632622003555
39	10.397884992987377	0.009870846537851929	0.05343044549226761
40	10.402391478029294	0.009598139267468947	0.05400565266609192
41	10.398324050632912	0.009338366100412375	0.053811509162187576
42	10.403657831325301	0.009125824175385567	0.06925887614488602
43	10.400835820895523	0.008914522870203665	0.23568826913833618
44	10.397253012048193	0.008695691790661925	0.0528450682759285
45	10.400615062761506	0.008517800640695088	0.11536639928817749
46	10.40082	0.008321953123732458	0.051780376583337784
47	10.3984995215311	0.008144072180350216	0.05348753556609154
48	10.401074243813015	0.007960329951241414	0.05284721404314041
49	10.400931458699473	0.00780415198101285	0.05209321901202202
50	10.402883642495784	0.007627975300662668	0.053460441529750824
