1	10.9964	0.07232892467056323	0.07351657003164291
2	10.9816	0.07481644995587525	0.0737336277961731
3	10.994545454545454	0.06927846660678147	0.2750047445297241
4	11.013538461538461	0.06385533855658196	0.3260270059108734
5	11.00125	0.05755483458733042	0.06348788738250732
6	11.0194	0.05198617654723271	0.4832853674888611
7	11.01728	0.046090333241407946	0.06918037682771683
8	11.039354838709677	0.04151330335377113	0.08210432529449463
9	11.003894736842105	0.03779837207249961	0.22014914453029633
10	11.018695652173912	0.03416393525243082	0.07103860378265381
11	10.991781818181819	0.03135149843517405	0.6496078372001648
12	10.997476923076922	0.02894454646594523	0.2114035189151764
13	11.000736842105264	0.026654759370762945	0.0751916840672493
14	11.001227272727272	0.024633541509475006	0.24779723584651947
15	10.997346534653465	0.02316521600508267	0.05637702718377113
16	11.007582608695651	0.02168385662923972	0.17090505361557007
17	11.010892307692307	0.020275389158922328	0.9879601001739502
18	11.009589041095891	0.019202407166777718	0.05701504275202751
19	11.00444171779141	0.01823750064328608	0.2589070796966553
20	11.000950276243094	0.017314273766539663	0.08698967844247818
21	11.0017	0.016448193815735524	0.06385287642478943
22	10.995945454545454	0.015715348738078564	0.6889269351959229
23	10.998871369294605	0.014992093982592639	0.07542486488819122
24	10.998980988593155	0.014247796279880475	0.2946762442588806
25	10.991944055944057	0.013690373499864716	0.41754087805747986
26	10.99778064516129	0.013181063984874428	0.1537616103887558
27	11.001050746268657	0.012685145024748093	0.495589941740036
28	10.9996675900277	0.012208544918442577	0.18052226305007935
29	10.9960206185567	0.01180400295093708	0.09216377139091492
30	10.995336538461538	0.011401740644219435	0.15048594772815704
31	10.997662921348315	0.011015768042278926	0.0568373017013073
32	11.001364210526315	0.010655297393858412	0.14734674990177155
33	11.001675889328062	0.010323525948743655	0.05216137692332268
34	10.996936802973977	0.010036945176131792	0.20069317519664764
35	11.000126094570929	0.009714011578737757	0.12265491485595703
36	11.003371900826446	0.009482283815216024	0.7573561072349548
37	11.0008375	0.009185163372030982	0.0585654079914093
38	11.001467455621302	0.008921485121306165	0.9500967264175415
39	10.998939691444601	0.008708775685201514	0.1983463168144226
40	10.995760319573902	0.008483989307023845	0.33230647444725037
41	10.997022784810127	0.008266225968924614	0.09768775850534439
42	10.99950843373494	0.008073089762480699	0.14173679053783417
43	10.999687715269804	0.007874235452670918	0.07205800712108612
44	11.00118291347207	0.0076839108528763056	0.0869278833270073
45	11.005753138075313	0.007513148322485215	0.11467864364385605
46	11.005516	0.007351735077842761	0.5191450715065002
47	11.001588516746411	0.007183675463777177	0.0691191554069519
48	11.00179651695692	0.007032975284386605	0.21953588724136353
49	11.000836555360282	0.006897355662223277	0.10097061097621918
50	10.998863406408095	0.006757676410206095	0.06762761622667313
