1	21.2388	0.2587730828660504	0.03930552676320076
2	21.1468	0.256960111955144	0.9249832630157471
3	21.011636363636363	0.24720979111564556	0.9422076344490051
4	21.248	0.2257675419672122	0.357968270778656
5	21.3485	0.20187708497375306	0.11575059592723846
6	21.1888	0.18540657541737804	0.280407577753067
7	21.13968	0.16198350803876338	0.12964434921741486
8	21.234451612903225	0.14476022086411594	0.1995566189289093
9	21.129263157894737	0.13155323469098515	0.06315384060144424
10	21.144782608695653	0.11826225806757423	0.1037307158112526
11	21.198836363636364	0.10868529277588157	0.13332036137580872
12	21.20233846153846	0.10016175131739519	0.14551836252212524
13	21.21321052631579	0.09168169610155714	0.05394868552684784
14	21.210772727272726	0.08625877391919523	0.05285155400633812
15	21.1809900990099	0.08015099833825245	0.5220635533332825
16	21.22006956521739	0.07550692766572638	0.05377540364861488
17	21.20043076923077	0.07077950123282443	0.08488539606332779
18	21.241397260273974	0.06664045769168107	0.05443910136818886
19	21.199460122699385	0.06378123764357392	0.11520810425281525
20	21.193591160220993	0.06003395058279262	0.05391550809144974
21	21.1991	0.0572371999157889	0.05376790091395378
22	21.1836	0.05455156349063459	0.11498100310564041
23	21.213510373443984	0.05211557105913961	0.0535210482776165
24	21.211802281368822	0.049986918956484355	0.05435023829340935
25	21.202503496503496	0.04783671218519879	0.05288655310869217
26	21.208748387096776	0.04589500176566562	0.05399392917752266
27	21.204979104477612	0.044060664331866575	0.05334227904677391
28	21.197828254847646	0.042624991463805564	0.052656661719083786
29	21.21120618556701	0.04098347793813338	0.05410993471741676
30	21.201423076923078	0.039745316823019496	0.05435315519571304
31	21.21191011235955	0.03836573922094101	0.05384402349591255
32	21.201633684210528	0.037129795963691495	0.05374443158507347
33	21.19872727272727	0.036103128348780156	0.05381658300757408
34	21.187881040892194	0.03479995858475782	0.05372507497668266
35	21.202500875656742	0.03375197632036145	0.05172107368707657
36	21.218029752066116	0.03293382173776818	0.053320225328207016
37	21.1938125	0.03192438384620697	0.05428648740053177
38	21.204733727810652	0.031092790081991596	0.054257288575172424
39	21.198148667601682	0.030292582401435793	0.05049948766827583
40	21.217517976031957	0.029505160332762473	0.054486457258462906
41	21.18539240506329	0.02876098485784529	0.050404198467731476
42	21.212009638554218	0.028056021533113817	0.05340587720274925
43	21.207196326061997	0.027410852445985668	0.05097733438014984
44	21.192705366922233	0.02679627373075761	0.05275827273726463
45	21.19617991631799	0.026221624264631548	0.05427577719092369
46	21.199332	0.025592204186742854	0.11319839209318161
47	21.190644976076555	0.0250189995435675	0.05379459634423256
48	21.19938038496792	0.02450551474771278	0.05392152816057205
49	21.207398945518452	0.023997190877495043	0.053745709359645844
50	21.207426644182124	0.023480714051601653	0.1185101792216301
