1	8.604	0.04324963814877543	0.6337999105453491
2	8.5904	0.04309628884254402	0.05623635649681091
3	8.608	0.04304003717470501	0.054633039981126785
4	8.6056	0.04283278594721543	0.35179662704467773
5	8.5818	0.043077090988134635	0.11078253388404846
6	8.6062	0.04249257356291826	0.1871037781238556
7	8.5774	0.04261286932371468	0.26132315397262573
8	8.6084	0.04329675498233112	0.25172901153564453
9	8.5976	0.04231753338747431	0.5418269038200378
10	8.5864	0.04281778920028457	0.6234286427497864
11	8.586	0.042920009319663464	0.0975601077079773
12	8.5764	0.04254848378027129	0.2695207893848419
13	8.5912	0.042740947673162104	0.13096027076244354
14	8.6142	0.042573760087640806	0.3526015281677246
15	8.5842	0.04217343533552861	0.06286682933568954
16	8.6052	0.04259858363842624	0.08922488987445831
17	8.5872	0.042688559216727096	0.6977565884590149
18	8.6092	0.04329313626892836	0.1097179502248764
19	8.6082	0.043131044132967644	0.3857995271682739
20	8.6132	0.04339924386438042	0.2138870358467102
21	8.6126	0.042985325775199014	0.10410381853580475
22	8.5928	0.04218363056921471	0.6263673901557922
23	8.6124	0.043136750364393885	0.20360629260540009
24	8.5808	0.04232172548467301	0.1171480044722557
25	8.6278	0.043076221839896775	0.5470263361930847
26	8.5836	0.04249870435672104	0.28473567962646484
27	8.6068	0.043003590175705	0.21183572709560394
28	8.629	0.042717282216920276	0.3026098310947418
29	8.606	0.043473384961376135	0.010623114183545113
30	8.5978	0.04274837175846591	0.285915732383728
31	8.6018	0.04158733182112055	0.881554901599884
32	8.6324	0.04291720438239167	0.6232281923294067
33	8.5828	0.04304857126549004	0.09866754710674286
34	8.625	0.042973887420153234	8.138402336044237e-05
35	8.5826	0.04309940871984216	0.005498221144080162
36	8.6004	0.04192106525364073	0.021731652319431305
37	8.6198	0.042520657661894334	0.9991228580474854
38	8.6304	0.04302874053467072	0.18981775641441345
39	8.6008	0.04269368627794999	0.016383096575737
40	8.6198	0.04293351054828859	0.20981867611408234
41	8.5838	0.04271767325124362	0.9228495359420776
42	8.5828	0.04298999288206456	0.6224063038825989
43	8.6138	0.042304245744369744	0.3812704086303711
44	8.5942	0.04294772925312791	0.05442868545651436
45	8.5908	0.042395750353071894	0.8290048241615295
46	8.6268	0.04371200256222551	0.8642851114273071
47	8.6206	0.0431803213512824	0.0993579775094986
48	8.6072	0.04227569855129538	0.1369260847568512
49	8.5856	0.04366979221384065	0.34688326716423035
50	8.6052	0.0425055211472582	0.5872359871864319
