1	3.4092	0.07947577804589273	0.07635778188705444
2	3.404	0.07737869474215757	0.0807197242975235
3	3.3963636363636365	0.07435778836954214	0.06595928221940994
4	3.4267692307692306	0.06845143551543538	0.06233091652393341
5	3.434	0.06186739044116856	0.06016778200864792
6	3.4104	0.05573176214691225	0.12321508675813675
7	3.40224	0.048365255035572825	0.1214461401104927
8	3.397548387096774	0.04404772376849143	0.050996653735637665
9	3.389473684210526	0.040085300504280164	0.05933891236782074
10	3.3895652173913042	0.035995035410123596	0.059291739016771317
11	3.381090909090909	0.03342747938540398	0.14318135380744934
12	3.4024	0.030389120295450472	0.19867688417434692
13	3.3907368421052633	0.028234991706569856	0.13601802289485931
14	3.402681818181818	0.02623561297808454	0.09996999800205231
15	3.406217821782178	0.02463232030396282	0.058905310928821564
16	3.3971478260869565	0.022990970071782985	0.06469693779945374
17	3.4030153846153848	0.021566305967192213	0.05894814059138298
18	3.4002739726027396	0.020316836866705348	0.07254323363304138
19	3.40319018404908	0.019273105760593528	0.051588110625743866
20	3.3909613259668507	0.018193611307049377	0.05364229530096054
21	3.40072	0.017442689777898354	0.057920344173908234
22	3.4040181818181816	0.016630309955082134	0.13344347476959229
23	3.401278008298755	0.01583678842190726	0.06730157136917114
24	3.3980380228136884	0.0151891848149462	0.0874631479382515
25	3.39758041958042	0.014568988712061918	0.16205719113349915
26	3.400683870967742	0.013960438074241518	0.06776654720306396
27	3.4016597014925374	0.013433245094731892	0.10874560475349426
28	3.400853185595568	0.012938365229112132	0.15140007436275482
29	3.4075773195876287	0.012570840295037654	0.08606542646884918
30	3.3967596153846156	0.012039304667242927	0.050603147596120834
31	3.392422471910112	0.011665438828708106	0.05264310911297798
32	3.39744	0.011290184736962805	0.07672295719385147
33	3.404600790513834	0.010967391618970165	0.09377224743366241
34	3.4000223048327136	0.010616880131101514	0.09049507975578308
35	3.3985779334500874	0.010322806820973616	0.05382126197218895
36	3.4044495867768596	0.010000267079507845	0.10906372219324112
37	3.40041875	0.00972435398620261	0.06601741164922714
38	3.3980887573964496	0.009457803963446927	0.07166890799999237
39	3.398681626928471	0.00921883419819432	0.053812578320503235
40	3.399920106524634	0.008970824198136485	0.06352262198925018
41	3.399893670886076	0.00874635757533045	0.05392761155962944
42	3.4020048192771086	0.008523089191064565	0.05316123366355896
43	3.40102411021814	0.00833719788106253	0.06094222515821457
44	3.400052573932092	0.008158349527934523	0.053900185972452164
45	3.398907949790795	0.007943331040745114	0.08482100069522858
46	3.40194	0.00777805583101587	0.08521737158298492
47	3.4006277511961724	0.007602041344271391	0.07385729998350143
48	3.4002786434463794	0.00743371389258456	0.05395326018333435
49	3.398376098418278	0.007291363227960241	0.1150045096874237
50	3.400806070826307	0.0071495819497557865	0.05389935150742531
