1	4.5604	0.060190973675460724	0.014766495674848557
2	4.6218	0.05907433087221553	0.23547908663749695
3	4.5976	0.0596641737728765	0.047557197511196136
4	4.5406	0.059963263353489935	0.10750658810138702
5	4.5902	0.05972733987044792	0.08999317139387131
6	4.5832	0.059860003073838944	0.3047192692756653
7	4.5978	0.059735946363977485	0.05201243981719017
8	4.5898	0.059559421823922966	0.08610612154006958
9	4.6288	0.059593783299938294	0.2928537130355835
10	4.5656	0.05968261013058994	0.0909772515296936
11	4.5902	0.05926141348297388	0.09920794516801834
12	4.59	0.05998049683021978	0.14045946300029755
13	4.6146	0.059772571569240616	0.9334697723388672
14	4.6178	0.05980954512450331	0.08191556483507156
15	4.6104	0.06048719957147955	0.4034683108329773
16	4.5998	0.05956099334295893	0.05525382235646248
17	4.602	0.05936659666849692	0.01799134910106659
18	4.564	0.058497753803030766	0.052842602133750916
19	4.6142	0.05971369229917031	0.28465643525123596
20	4.584	0.05948999243570305	0.12741988897323608
21	4.6074	0.05959158860107687	0.36267560720443726
22	4.5974	0.05942292345551496	0.7289615869522095
23	4.6202	0.05924452318991188	0.011943729594349861
24	4.597	0.05976841808179297	0.0876748263835907
25	4.5716	0.05919773806489565	0.3321901559829712
26	4.5708	0.058766123302460574	0.05332401767373085
27	4.6044	0.06035148011440976	0.11964840441942215
28	4.5968	0.05999144579021243	0.12876668572425842
29	4.6166	0.05933032944455978	0.004540071357041597
30	4.5976	0.0595312828015658	0.08433753252029419
31	4.5788	0.059804540028328926	0.11694146692752838
32	4.5904	0.05970268094482862	0.7104992270469666
33	4.5874	0.058658419958263465	0.1763787716627121
34	4.6224	0.06011715921432087	0.6061088442802429
35	4.608	0.05903121885917656	0.9809193015098572
36	4.5788	0.05915084959660337	0.30735838413238525
37	4.5852	0.05916530848394179	0.8051388263702393
38	4.6128	0.059658168661131376	0.020676732063293457
39	4.5798	0.05931254106847894	0.10102928429841995
40	4.5838	0.060456923573731364	0.05563110485672951
41	4.6112	0.059898432433578716	0.18148434162139893
42	4.6102	0.05944325637109728	0.3692796528339386
43	4.6452	0.060509590380368614	0.1144908219575882
44	4.6132	0.060161568862522205	0.35648295283317566
45	4.6064	0.06047629512461891	0.4474189281463623
46	4.6034	0.05916177137307508	0.20340056717395782
47	4.6018	0.0588128061564826	0.05469750985503197
48	4.5966	0.05954631132152529	0.4124663174152374
49	4.6282	0.060227041833382525	0.36235421895980835
50	4.5962	0.060542728778937675	0.2705690264701843
