1	20.4648	0.14034307769177598	0.22006458044052124
2	20.406	0.13964881095090018	0.9549170732498169
3	20.395272727272726	0.12932375768600604	0.2217911034822464
4	20.478153846153845	0.12461520999330361	0.0545307919383049
5	20.442	0.11358116481177667	0.22796262800693512
6	20.4672	0.10107573144924616	0.28824710845947266
7	20.41968	0.09146510440897145	0.12810693681240082
8	20.443612903225805	0.07939812399835483	0.3661486804485321
9	20.48463157894737	0.07326367255526557	0.033110588788986206
10	20.420173913043477	0.06583518843916936	0.08399931341409683
11	20.451781818181818	0.06010167834662476	0.3963238298892975
12	20.431076923076922	0.054596642691401076	0.2575101852416992
13	20.454421052631577	0.051598620246220125	0.25357314944267273
14	20.45431818181818	0.04766218089333938	0.20041124522686005
15	20.462336633663366	0.04412076962518262	0.1465650051832199
16	20.48841739130435	0.042233632832276435	0.23012028634548187
17	20.457876923076924	0.038653820914731525	0.10009775310754776
18	20.440876712328766	0.036697816672805535	0.15499019622802734
19	20.447092024539877	0.035109497333021086	0.1078873798251152
20	20.45836464088398	0.032942342096448717	0.4851424992084503
21	20.4466	0.03155540396192068	0.12420389801263809
22	20.4652	0.030229669270409702	0.9918736219406128
23	20.437809128630704	0.028671569789682078	0.05315155163407326
24	20.437444866920153	0.027534154398907898	0.15610170364379883
25	20.44388811188811	0.02615719253092968	0.03524801880121231
26	20.448012903225806	0.025249677331603222	0.9761843085289001
27	20.470292537313433	0.024639506235402175	0.05962153151631355
28	20.459268698060942	0.02360168791142964	0.08425251394510269
29	20.447958762886596	0.022575482819686916	0.11001709848642349
30	20.457471153846154	0.021870709753042075	0.5162830352783203
31	20.447029213483145	0.02118391214203257	0.08763635158538818
32	20.457263157894737	0.02056952643862555	0.8639480471611023
33	20.452553359683794	0.019844435576709674	0.21139368414878845
34	20.456334572490707	0.019342888700111853	0.24198493361473083
35	20.439474605954466	0.018700208908924813	0.3273972272872925
36	20.45552396694215	0.018141717205105726	0.06312227249145508
37	20.44365625	0.017598491312560534	0.07400202751159668
38	20.450757396449703	0.017121503795298917	0.32111120223999023
39	20.440920056100982	0.016665513071796503	0.1445770263671875
40	20.44651930758988	0.016301734576068927	0.068903848528862
41	20.449772151898735	0.01587488387448644	0.20794855058193207
42	20.44424096385542	0.015510051666348093	0.18168635666370392
43	20.45305625717566	0.015106581524866639	0.5274556279182434
44	20.44695290251917	0.014742853417305201	0.26078423857688904
45	20.452	0.014439813747917904	0.2424716353416443
46	20.454608	0.01414859994445016	0.23927804827690125
47	20.451827751196173	0.013807934420973469	0.057768821716308594
48	20.447123739688358	0.013504907877931587	0.4485277533531189
49	20.44895606326889	0.01319558733772376	0.2110229879617691
50	20.45452613827993	0.012981177685612785	0.17257708311080933
