1	5.82	0.08105997779422336	0.10759838670492172
2	5.7548	0.08416006806080896	0.14113324880599976
3	5.774545454545454	0.08074362130637891	0.06765417754650116
4	5.832	0.07180014867054547	0.05898356810212135
5	5.7635	0.06589026815471316	0.0773705318570137
6	5.756	0.05780065051537045	0.07665284723043442
7	5.84064	0.051602293768552646	0.1999143660068512
8	5.8025806451612905	0.04720350883514455	0.05378768965601921
9	5.801578947368421	0.0427506831154513	0.09885931015014648
10	5.797478260869565	0.03919414541231631	0.2468840330839157
11	5.799490909090909	0.035209297639636115	0.06591607630252838
12	5.792984615384615	0.03292971333346142	0.06602981686592102
13	5.805789473684211	0.029978120757613223	0.07062883675098419
14	5.791954545454545	0.027969766129458253	0.05389923229813576
15	5.806574257425742	0.026017715547235955	0.11493723839521408
16	5.805878260869565	0.024474316380995967	0.12615913152694702
17	5.813476923076923	0.023075316333177203	0.05391484498977661
18	5.803342465753425	0.021619155861141347	0.05270899087190628
19	5.786625766871166	0.02067174649545295	0.05382126197218895
20	5.804088397790055	0.01955635280690897	0.05389940366148949
21	5.78908	0.018606544430602872	0.053722962737083435
22	5.796872727272727	0.017748043393329613	0.05398232489824295
23	5.798871369294606	0.017001559185219946	0.0538315586745739
24	5.7989961977186315	0.016161338704169394	0.0539446659386158
25	5.800531468531468	0.015597062197985795	0.053948789834976196
26	5.797483870967742	0.014908428552509269	0.05376972258090973
27	5.805050746268657	0.014361367806225836	0.0539369210600853
28	5.802360110803324	0.013833914938593136	0.05387861654162407
29	5.798371134020619	0.013388235864975322	0.05394488573074341
30	5.796567307692308	0.012915830338467028	0.05383512005209923
31	5.807361797752809	0.012404921458822151	0.053976237773895264
32	5.803141052631579	0.012052910148521685	0.05374487489461899
33	5.796252964426878	0.011654012262795325	0.05386502295732498
34	5.797472118959107	0.011337771368928842	0.05410496145486832
35	5.8004693520140105	0.0109898121891824	0.05388713628053665
36	5.798314049586777	0.010696051816623982	0.05395426228642464
37	5.79698125	0.01038002340265183	0.053906869143247604
38	5.801579881656805	0.010091202749929098	0.05378574877977371
39	5.796089761570827	0.009847109976130244	0.05388396605849266
40	5.796490013315579	0.009572893253409197	0.05378870666027069
41	5.801513924050633	0.00935644599107258	0.053901515901088715
42	5.801277108433735	0.009114795960055393	0.05383656546473503
43	5.799228473019518	0.008904194488720507	0.05353335291147232
44	5.798251916757941	0.008685691556376012	0.053795378655195236
45	5.799527196652719	0.008486764384186572	0.05374358594417572
46	5.799308	0.00833164485326252	0.054369471967220306
47	5.801286124401914	0.00811211989576274	0.05385209619998932
48	5.799013748854263	0.007937019181161374	0.05401290953159332
49	5.798231985940246	0.007803583164664984	0.053657013922929764
50	5.803578414839798	0.007646213186536524	0.053901515901088715
